0.0,0.0,0.0,0.0,0.0,0.0,0.0,0.0,0.0,0.0,
0.0,0.0,0.0,0.0,0.0,0.0,0.0,0.0,0.0,0.0,
0.0,0.0,0.0,0.0,0.0,0.0,0.0,0.0,0.0,0.0,
0.0,0.0,0.0,0.0,0.0,0.0,0.0,0.0,0.0,0.0,
0.0,0.0,0.0,0.0,0.0,0.0,0.0,0.0,0.0,0.0,
0.0,0.0,0.0,0.0,0.0,0.0,0.0,0.0,0.0,0.0,
0.0,0.0,0.0,0.0,0.0,0.0,0.0,0.0,0.0,0.0,
0.0,0.0,0.0,0.0,0.0,0.0,0.0,0.0,0.0,0.0,
0.0,0.0,0.0,0.0,0.0,0.0,0.0,0.0,0.0,0.0,
0.0,0.0,0.0,0.0,0.0,0.0,0.0,0.0,0.0,0.0,
0.0,0.0,0.0,0.0,0.0,0.0,0.0,0.0,0.0,0.0,
0.0,0.0,0.0,0.0,0.0,0.0,0.0,0.0,0.0,0.0,
-1.09494e-06,-3.36937e-06,-0.000210108,-1.02616e-05,-0.00101004,-2.00958e-05,0.00145773,-5.24324e-06,-4.02111e-05,-0.000157306,
-5.34598e-06,-7.74764e-06,-0.000255858,-2.46614e-05,-0.00234872,-4.41433e-05,0.00314812,-1.36094e-05,-9.26365e-05,-0.000355399,
-3.28105e-06,-4.11601e-07,0.000227244,-2.43921e-06,-0.000152537,-1.56319e-07,-4.87565e-05,-2.36866e-06,-5.10548e-06,-1.21888e-05,
-1.3671e-07,-1.71501e-08,9.46849e-06,-1.01634e-07,-6.35571e-06,-6.51328e-09,-2.03152e-06,-9.86941e-08,-2.12728e-07,-5.07868e-07,
0.0,0.0,0.0,0.0,0.0,0.0,0.0,0.0,0.0,0.0,
0.0,0.0,0.0,0.0,0.0,0.0,0.0,0.0,0.0,0.0,
0.0,0.0,0.0,0.0,0.0,0.0,0.0,0.0,0.0,0.0,
0.0,0.0,0.0,0.0,0.0,0.0,0.0,0.0,0.0,0.0,
0.0,0.0,0.0,0.0,0.0,0.0,0.0,0.0,0.0,0.0,
0.0,0.0,0.0,0.0,0.0,0.0,0.0,0.0,0.0,0.0,
0.0,0.0,0.0,0.0,0.0,0.0,0.0,0.0,0.0,0.0,
0.0,0.0,0.0,0.0,0.0,0.0,0.0,0.0,0.0,0.0,
0.0,0.0,0.0,0.0,0.0,0.0,0.0,0.0,0.0,0.0,
0.0,0.0,0.0,0.0,0.0,0.0,0.0,0.0,0.0,0.0,
0.0,0.0,0.0,0.0,0.0,0.0,0.0,0.0,0.0,0.0,
0.0,0.0,0.0,0.0,0.0,0.0,0.0,0.0,0.0,0.0,
0.0,0.0,0.0,0.0,0.0,0.0,0.0,0.0,0.0,0.0,
0.0,0.0,0.0,0.0,0.0,0.0,0.0,0.0,0.0,0.0,
0.0,0.0,0.0,0.0,0.0,0.0,0.0,0.0,0.0,0.0,
0.0,0.0,0.0,0.0,0.0,0.0,0.0,0.0,0.0,0.0,
-9.28938e-09,-2.77477e-08,-3.40527e-06,-4.43738e-09,-2.28888e-05,-1.29806e-07,2.75055e-05,-2.97193e-08,-3.13311e-07,-6.97118e-07,
-1.55359e-07,-8.21898e-08,-1.10693e-05,-2.14074e-08,-0.000129951,-3.88845e-07,0.0001457,-6.08062e-07,-9.53385e-07,-2.47047e-06,
-1.00075e-05,-2.3699e-07,-0.000199127,-4.35813e-06,-0.00576747,-1.54075e-05,0.00617099,-4.58397e-05,-5.05267e-06,-0.000123495,
-1.66108e-05,-3.05509e-05,-0.000407803,-8.74026e-06,-0.0120887,-2.58157e-05,0.0129731,-0.000112139,-2.50073e-05,-0.00025777,
-1.39008e-05,-0.00143886,0.000260196,-5.17269e-05,-0.0107076,-3.47777e-05,0.0127562,-0.000247595,-0.000287161,-0.000234787,
-8.72729e-05,-0.00114943,-0.000557884,-7.28644e-05,-0.00623552,-2.32995e-05,0.00895125,-0.000302125,-0.000317259,-0.000205595,
-0.000595396,-0.00085812,-0.00213804,-0.000162463,-0.010714,-0.000142243,0.016351,-0.000534997,-0.000545396,-0.000660383,
0.00333495,-0.000648204,-0.00544837,-0.000280242,-0.019656,-0.000225181,0.0280684,-0.00209878,-0.000842504,-0.00220408,
0.00730754,-0.000279703,-0.00678394,-0.000336446,-0.0363207,-0.000663829,0.0457618,-0.00384679,-0.000808036,-0.00402992,
0.00284033,-0.000365649,-0.00588789,-0.000514541,-0.0239243,-0.00106818,0.0346227,-0.00217542,-0.00138045,-0.00214659,
-0.000792339,0.0046898,-0.00506552,-0.00216068,-0.00868777,-0.00113456,0.0165526,-0.000733043,-0.00145817,-0.00121035,
0.00220705,0.00739697,-0.00203935,-0.00241532,-0.0151948,-0.00111487,0.0164177,-0.000560478,-0.00106526,-0.00363165,
0.00758899,-0.00119402,0.0115315,-0.000704565,-0.0151979,-0.000904373,0.00931541,-0.000822409,-0.00129876,-0.00831381,
0.00350889,-0.000968634,0.000664057,-0.000211762,-0.00827289,-0.000585993,0.0119649,-0.000399071,-0.000990828,-0.00470867,
-0.000364172,-7.71704e-05,-0.00551683,-3.54664e-05,-0.00513171,-0.000590676,0.0132585,-0.000150687,-0.000614045,-0.00077776,
-0.000275133,-3.54849e-05,-0.00404171,-3.38299e-05,-0.00692675,-0.000566278,0.0132661,-0.000156974,-0.000496617,-0.000733283,
-0.000129555,-8.68625e-05,-0.00214606,-4.48413e-05,-0.00453116,-0.000287616,0.00820353,-6.62373e-05,-0.000366069,-0.000545126,
-3.35073e-05,-0.000177685,-0.000915238,-3.63853e-05,-0.00290585,-5.79438e-05,0.004568,-9.1386e-06,-0.000221219,-0.000211036,
-3.45206e-06,-1.42527e-05,-8.68378e-05,-2.6447e-06,-0.00297729,-2.40787e-06,0.00316483,-1.14761e-06,-2.84694e-05,-4.83191e-05,
-7.56493e-08,-3.76596e-08,-2.94019e-05,-4.74544e-08,-0.000778616,-1.6607e-06,0.000831575,-1.41476e-06,-5.54687e-06,-1.47736e-05,
0.0,0.0,0.0,0.0,0.0,0.0,0.0,0.0,0.0,0.0,
0.0,0.0,0.0,0.0,0.0,0.0,0.0,0.0,0.0,0.0,
0.0,0.0,0.0,0.0,0.0,0.0,0.0,0.0,0.0,0.0,
0.0,0.0,0.0,0.0,0.0,0.0,0.0,0.0,0.0,0.0,
0.0,0.0,0.0,0.0,0.0,0.0,0.0,0.0,0.0,0.0,
0.0,0.0,0.0,0.0,0.0,0.0,0.0,0.0,0.0,0.0,
-4.88639e-08,-5.83918e-10,-6.68443e-07,-5.98022e-09,-1.73765e-06,-3.20552e-07,3.39276e-06,-5.97901e-12,-2.39986e-07,-3.7071e-07,
0.000201131,-6.17697e-10,-7.46192e-06,-4.31845e-07,-0.000164244,-3.37716e-05,7.22336e-05,-1.94298e-05,-6.23858e-06,-4.17857e-05,
8.57541e-05,-7.14108e-07,-0.000182433,-6.53464e-07,-0.000243348,-6.6777e-06,0.000391296,-7.68088e-06,-1.21994e-05,-2.3344e-05,
-7.14803e-05,-1.18665e-06,1.47489e-05,-7.09446e-05,-0.000295672,-1.80627e-06,0.000439044,-2.63796e-06,-4.50343e-06,-5.56207e-06,
-0.00199813,-1.0376e-05,-0.000785174,-0.000414224,-0.00630013,-5.66242e-05,0.0100078,-0.000242018,-6.27808e-05,-0.000138336,
-0.00273824,-0.000843853,-0.00316496,-0.0015644,-0.0232422,-0.000827979,0.0352452,-0.000932372,-0.000585244,-0.001346,
-0.00433962,-0.00518552,5.11286e-05,-0.00352696,-0.0282298,-0.00122202,0.0477969,-0.00176578,-0.0016364,-0.00194192,
-0.00802895,-0.00924115,0.0110239,-0.00583934,-0.0322188,-0.00326029,0.0579027,-0.0029094,-0.004641,-0.0027876,
-0.00955893,-0.0122674,0.00904641,-0.00600991,-0.0668483,-0.00967566,0.117953,-0.00588105,-0.00975,-0.00700781,
-0.00928815,-0.0123318,0.0262867,0.00119145,-0.0835023,-0.0170923,0.125465,-0.00880969,-0.0129407,-0.00897762,
-0.00841908,0.00180292,0.0196894,0.00262851,-0.114807,-0.0190102,0.155832,-0.00925477,-0.0158073,-0.0126545,
-0.0127054,0.0208607,0.00862512,-0.00259398,-0.10973,-0.0253306,0.163504,-0.00731811,-0.0203244,-0.0149868,
-0.025265,0.0248958,0.0173325,-0.00159943,-0.0822954,-0.0295183,0.142677,-0.00729187,-0.0224048,-0.0165301,
-0.0348104,0.0449011,0.0238128,-0.00607407,-0.0819395,-0.0244319,0.128552,-0.00732016,-0.0243558,-0.0183346,
-0.0317007,0.02774,0.016883,-0.00300108,-0.0746303,-0.0107264,0.126522,-0.00575305,-0.0246677,-0.0206662,
-0.0274225,-0.00129959,-0.000924941,-0.00214569,-0.0439987,0.00139797,0.114371,-0.00487208,-0.0196634,-0.0154419,
-0.0219717,-0.00438898,-0.0185564,-0.00828392,-0.0324839,0.00593718,0.103303,-0.00337519,-0.0097994,-0.0103811,
-0.0189981,-0.000265621,-0.0360901,-0.00608174,-0.018272,-0.00205659,0.107376,-0.00263091,-0.0146439,-0.00833664,
-0.0136643,-0.00403875,-0.0220785,-0.00330028,-0.0106259,-0.0121761,0.0798891,-0.00143954,-0.00822261,-0.00434319,
-0.00674384,-0.00463235,-0.0194089,-0.00351262,-0.00704248,-0.0110847,0.0624803,-0.000723421,-0.00585645,-0.00347562,
-0.00334372,-0.00452523,-0.0158436,-0.0028793,-0.00544723,-0.00573104,0.0451165,-0.000463295,-0.00460605,-0.00227699,
-0.00127402,-0.00175522,-0.00681094,-0.000909816,-0.00407919,-0.00589234,0.0229505,-5.31429e-05,-0.00174261,-0.000433172,
-0.000219214,-0.00067742,0.00491378,-0.000239497,-0.00150828,-0.00353271,0.00224259,-1.74167e-05,-0.000915277,-4.65622e-05,
-1.14966e-05,-0.000201832,0.00477028,-4.67041e-06,-0.000386807,-0.000512152,-0.0032707,-3.07093e-06,-0.000362881,-1.66787e-05,
0.0,0.0,0.0,0.0,0.0,0.0,0.0,0.0,0.0,0.0,
0.0,0.0,0.0,0.0,0.0,0.0,0.0,0.0,0.0,0.0,
0.0,0.0,0.0,0.0,0.0,0.0,0.0,0.0,0.0,0.0,
0.0,0.0,0.0,0.0,0.0,0.0,0.0,0.0,0.0,0.0,
-1.09132e-07,9.81093e-05,-2.05054e-05,-2.75815e-06,-3.90088e-06,-1.4374e-06,-5.25001e-05,-1.14639e-08,-1.59839e-05,-9.0306e-07,
0.000236018,2.3327e-05,-4.30668e-05,-1.2762e-05,-0.000625027,-0.000103163,0.000875227,-6.08628e-05,-0.000109603,-0.000180088,
-0.00215202,-9.26502e-06,-0.000770191,-0.000765492,-0.00047048,0.00197921,0.00256959,-0.000251149,-6.71394e-05,-6.30697e-05,
-0.00655286,-0.000354397,0.00145641,0.00858065,-0.00131229,-0.0042448,0.00378609,-0.000304278,-0.000931579,-0.000122944,
-0.0101045,-0.000774576,0.000549944,0.00855192,-0.00999774,-0.00472417,0.0211495,-0.000772886,-0.00295256,-0.000924849,
-0.0160102,-0.0058783,0.013652,0.0204589,-0.0246871,-0.0128666,0.0395267,-0.00404644,-0.00728123,-0.00286774,
-0.0114552,-0.0176181,0.0328305,0.0287392,-0.053118,-0.0159424,0.0632283,-0.00907112,-0.0115362,-0.00605694,
-0.0226884,-0.0278408,0.100454,0.0189706,-0.0857842,-0.0257015,0.0894398,-0.014856,-0.0218328,-0.0101609,
-0.027966,-0.0463189,0.127927,0.0408116,-0.119709,-0.0248252,0.125712,-0.0261861,-0.0322689,-0.0171767,
-0.022372,-0.0668672,0.173923,0.099152,-0.154537,-0.0545173,0.133971,-0.0340569,-0.0504405,-0.0242556,
-0.0240287,-0.0436357,0.177278,0.145706,-0.204237,-0.059936,0.133319,-0.0283981,-0.0630073,-0.0330603,
-0.0139945,-0.026739,0.190841,0.140384,-0.227078,-0.0638056,0.15258,-0.030057,-0.0752365,-0.0468941,
-0.0328515,-0.0187738,0.133933,0.190877,-0.193568,-0.0419521,0.1545,-0.0347687,-0.0944689,-0.0629264,
-0.0483576,0.019449,0.0861894,0.184413,-0.18473,-0.0100759,0.159162,-0.036353,-0.098012,-0.0716846,
-0.05478,0.0101213,0.0857487,0.155438,-0.149155,0.00188357,0.136975,-0.0317134,-0.0896936,-0.0648244,
-0.0707852,-0.0363821,0.030433,0.124124,-0.115409,0.0508222,0.168468,-0.0277349,-0.073524,-0.050012,
-0.095928,-0.0549111,-0.0475443,0.0897618,-0.0832739,0.0994833,0.196259,-0.0247808,-0.0473281,-0.0317382,
-0.0971649,-0.049685,-0.07541,0.0568714,-0.0232369,0.0831197,0.214074,-0.0164303,-0.0646852,-0.0274523,
-0.0631656,-0.0522449,-0.0945434,0.0443542,0.00160984,0.0760805,0.164687,-0.012733,-0.0434069,-0.0206379,
-0.0498523,-0.0406914,-0.0713683,-0.0163422,0.00311712,0.0525643,0.159755,-0.00687666,-0.0182948,-0.0120103,
-0.0336971,-0.0267676,-0.0560826,-0.0283996,-0.000339079,0.0257219,0.13506,-0.00252572,-0.00825775,-0.00471239,
-0.0167637,-0.0161684,-0.0397123,-0.0140995,0.00322365,-0.0173308,0.102141,-0.000917952,0.00118655,-0.00155797,
-0.00643641,-0.0113798,-0.00983426,-0.00449956,-0.00359016,-0.0223342,0.0588056,-0.000264922,-1.26974e-05,-0.000453575,
-0.00187317,-0.00201505,0.00330882,-0.000230728,-0.000349919,0.00261582,-0.00133066,-1.13465e-05,-7.3793e-05,-3.9963e-05,
-0.000436322,-0.00263117,-0.000461206,-1.91289e-05,-0.000202978,0.000733133,0.00366796,-2.14003e-06,-0.0006422,-5.95306e-06,
0.0,0.0,0.0,0.0,0.0,0.0,0.0,0.0,0.0,0.0,
0.0,0.0,0.0,0.0,0.0,0.0,0.0,0.0,0.0,0.0,
-2.35462e-08,-3.44637e-08,-1.29134e-06,3.50285e-06,-3.69525e-07,-1.41653e-06,-4.62009e-08,-1.46081e-08,-3.04007e-07,-2.61722e-09,
-6.88539e-06,0.000321276,-0.000183681,3.33791e-05,-1.60371e-05,-0.00019859,-0.000234322,-4.70805e-07,0.000297127,-1.17961e-05,
-4.00522e-05,-3.23466e-06,-0.00107939,0.00351878,-0.000275271,-0.00124709,-0.000582761,0.000122316,-0.000276714,-0.00013658,
-0.00240545,0.000419221,-0.00819299,0.0149064,0.00573473,-0.0106402,0.00255397,-0.000501225,-0.0015494,-0.000325046,
-0.0135543,0.007219,0.00944786,0.0493569,0.00675249,-0.0374504,-0.00418187,-0.0062302,-0.00846945,-0.00289007,
-0.0200268,-0.000914012,0.0381265,0.0809022,-0.00833732,-0.0545472,-0.00554739,-0.00738146,-0.0165556,-0.00571896,
-0.0201962,-0.0222946,0.0660562,0.117148,-0.0214621,-0.0746152,0.0136239,-0.0162595,-0.0288184,-0.0131821,
-0.0188684,-0.0399462,0.117098,0.168058,-0.0659066,-0.12301,0.0502899,-0.0308413,-0.0320652,-0.0248069,
-0.00707648,-0.0502134,0.214182,0.177548,-0.11303,-0.127369,0.0264718,-0.0541805,-0.0229077,-0.0434258,
-0.0158548,-0.0530944,0.231238,0.223124,-0.177896,-0.0861281,0.0424541,-0.079478,-0.0242374,-0.0601272,
-0.0176472,-0.0643967,0.27368,0.280907,-0.196137,-0.0719878,-0.0108304,-0.0995375,-0.00534451,-0.0887063,
-0.0326357,0.005311,0.286169,0.265464,-0.21595,-0.110579,-0.0189862,-0.120605,0.0696028,-0.127791,
0.00349311,0.0985942,0.187334,0.262475,-0.19691,-0.153652,-0.00481962,-0.136244,0.0948038,-0.155076,
-0.00616582,0.156449,0.153719,0.228383,-0.212161,-0.0784301,-0.0292583,-0.154438,0.141154,-0.199252,
0.0257682,0.134407,0.115893,0.19706,-0.224766,0.0589715,-0.0245888,-0.161079,0.110275,-0.231942,
-0.0356599,0.0751848,0.125928,0.166079,-0.160989,0.0855514,0.0592636,-0.148962,0.0659084,-0.232305,
-0.0302722,0.0227699,0.112916,0.0831563,-0.110507,0.111592,0.128938,-0.121962,-0.0130065,-0.183625,
-0.0566943,0.0215653,0.0490231,0.0859708,-0.0852565,0.127979,0.140372,-0.0983785,-0.0445148,-0.140066,
-0.0699524,0.0979972,-0.0439973,0.0101037,0.00351775,0.0522682,0.185567,-0.0732612,-0.0461683,-0.116075,
-0.0638084,0.110654,-0.083461,-0.0494636,0.0411577,-0.016244,0.218399,-0.0562271,-0.0201286,-0.0808783,
-0.0654927,0.0981643,-0.132959,-0.0960325,0.0388722,0.0809417,0.236227,-0.0388748,-0.0599684,-0.0608785,
-0.058062,0.0576314,-0.12956,-0.0811925,0.0608082,0.0820351,0.205386,-0.0252447,-0.07412,-0.0376812,
-0.0569564,0.0126378,-0.0991093,-0.0806842,0.0696341,0.0933409,0.141007,-0.0119873,-0.0491694,-0.0187135,
-0.0407111,-0.0336295,-0.0435526,-0.0196963,0.033162,0.0613786,0.0547973,-0.00414636,-0.00141439,-0.00618775,
-0.00924589,-0.01717,-0.00330678,-0.00175472,-0.000515661,0.016065,0.0112165,-0.00072153,0.0066324,-0.00119938,
-0.000951491,-0.00223938,-0.000710525,-4.97169e-05,-0.00134838,0.00170958,0.000409837,-0.000125254,0.00367629,-0.000370961,
-2.4493e-05,-0.00119275,-0.000433662,-1.38219e-05,-0.000422718,-0.0006389,0.00236925,-7.44733e-06,0.000393206,-2.86552e-05,
0.0,0.0,0.0,0.0,0.0,0.0,0.0,0.0,0.0,0.0,
0.0,0.0,0.0,0.0,0.0,0.0,0.0,0.0,0.0,0.0,
-7.09812e-05,3.46487e-05,6.15662e-05,0.000897058,-2.29044e-05,-0.000875777,4.83968e-05,-2.96155e-06,-6.75878e-05,-1.45696e-06,
-0.00108747,0.00138194,0.000928879,0.0192585,-9.13397e-05,-0.00860975,-0.00585223,-0.000255335,-0.00464043,-0.00103278,
-0.00780801,0.002253,-0.000969401,0.0569087,0.00967909,-0.0405748,0.000195717,-0.00230338,-0.0126505,-0.0047305,
-0.0268665,0.0130858,0.0176426,0.122739,0.028388,-0.0747999,-0.0400348,0.0105571,-0.0327484,-0.0179634,
-0.0308191,-0.0132509,0.0669901,0.176488,0.0290645,-0.113572,-0.0336273,0.0056998,-0.0440579,-0.0429155,
-0.0409706,-0.0587287,0.135012,0.189741,0.00513693,-0.097989,-0.0177365,0.00280567,-0.0491126,-0.0681574,
-0.0366819,-0.119769,0.207364,0.185939,-0.022687,-0.0871624,0.0210556,-0.00246476,-0.0538204,-0.0917733,
-0.0263559,-0.136627,0.239747,0.195869,-0.0380527,-0.0173077,-0.0154537,-0.0400806,-0.0312961,-0.130441,
0.010161,-0.104888,0.255884,0.204371,-0.109781,0.021594,-0.0150112,-0.0990486,-0.0653626,-0.0979184,
0.0267065,-0.0695545,0.239535,0.155742,-0.126122,0.0246835,-0.133203,-0.156845,0.0707408,-0.0316827,
0.0456145,0.00557547,0.229056,0.0858635,-0.1524,-0.0137868,-0.129908,-0.201165,0.166745,-0.0355958,
0.137562,0.100762,0.226483,0.0620773,-0.197612,-0.0607788,-0.14606,-0.259063,0.164265,-0.0276365,
0.151304,0.142432,0.19255,0.0476399,-0.100733,-0.0901805,-0.0898844,-0.310765,0.183559,-0.125922,
0.157956,0.109872,0.218065,0.0994577,-0.0780982,-0.0623009,-0.0820903,-0.322391,0.1532,-0.193671,
0.151286,-0.00639893,0.263345,0.137686,-0.0383199,0.0191279,-0.0601426,-0.306103,0.15326,-0.313741,
0.176046,-0.0597439,0.236322,0.0342121,-0.0332711,0.0691087,0.0132171,-0.281855,0.151234,-0.30527,
0.147231,-0.0133246,0.175941,-0.00978905,0.0376582,0.0814887,0.0811652,-0.254348,0.0446851,-0.290709,
0.0617746,0.0620247,0.0188888,-0.0158424,0.0785735,0.0285913,0.164664,-0.230135,0.0803992,-0.248939,
0.000618581,0.138792,-0.0341926,-0.0744019,0.0693251,0.087062,0.147054,-0.192113,0.0607581,-0.202902,
0.00264433,0.201975,-0.0580052,-0.147062,0.0865254,0.114771,0.124803,-0.131133,-0.0308689,-0.163651,
-0.0405213,0.164111,-0.105589,-0.149425,0.165741,0.177568,0.107408,-0.0857156,-0.0868353,-0.146743,
-0.0906937,0.086608,-0.12308,-0.141801,0.198228,0.205977,0.0999245,-0.0464609,-0.0922356,-0.0964667,
-0.0834626,0.0155894,-0.0754835,-0.0526958,0.0802678,0.166301,0.0460645,-0.0169428,-0.0366893,-0.0429487,
-0.0340401,-0.0280817,-0.0171452,-0.0117454,0.00691051,0.084907,0.000915061,-0.00541835,0.0167978,-0.0130995,
-0.00839626,-0.00469043,-0.00277992,-0.00113853,-0.00416912,0.0245456,0.00368148,-0.00204552,-0.00337754,-0.00162982,
-0.00173492,-0.00148324,-0.000632612,-4.68971e-05,-0.000118953,0.00163273,0.00353276,-9.85316e-05,-0.00103534,-1.49905e-05,
0.0,0.0,0.0,0.0,0.0,0.0,0.0,0.0,0.0,0.0,
-4.61762e-07,-4.8732e-07,-1.85615e-06,3.45138e-05,-1.20231e-07,-3.9483e-06,-9.72912e-08,-1.27435e-06,-1.98897e-06,-2.42794e-05,
-0.000354937,-0.0016196,-0.00293214,0.00269461,-0.000648828,0.00108401,-9.82941e-05,0.00425493,-0.00146531,-0.00091444,
-0.00156443,0.00152098,-5.16017e-05,0.0435361,-0.00672813,-0.0274582,-0.00896365,0.0191964,-0.0127364,-0.00675101,
-0.0168619,-0.00102975,0.0174164,0.0906519,0.0154769,-0.0663507,-0.00668114,0.0185706,-0.0245412,-0.0266511,
-0.0281811,-0.0150194,0.0495121,0.154645,0.053083,-0.0971585,-0.0387927,0.0423129,-0.0449306,-0.0754708,
-0.0395317,-0.0450624,0.113488,0.191712,0.0556766,-0.108289,-0.0591732,0.0694698,-0.0595359,-0.118754,
-0.0491597,-0.0953288,0.16624,0.144701,0.048997,-0.0549959,-0.0156249,0.0878247,-0.0572671,-0.175386,
-0.0609944,-0.166118,0.190264,0.164129,-0.00223934,-0.00919668,-0.0263609,0.112056,-0.0141783,-0.187362,
-0.0669773,-0.219911,0.220517,0.156693,-0.0241504,0.0399704,-0.062965,0.0989715,-0.00493288,-0.137216,
0.00760284,-0.173209,0.167127,0.146109,-0.10159,0.0668548,-0.113382,0.10266,-0.0285904,-0.0735826,
0.0265845,-0.102876,0.0955348,0.111752,-0.18324,0.0517891,-0.145615,0.0770509,0.0466077,0.0224108,
0.0464816,-0.0605628,0.0883509,0.0952281,-0.204825,0.0157397,-0.128221,-0.0167092,0.0971211,0.0673956,
0.105026,-0.0294633,0.0942452,0.168367,-0.24248,-0.00989466,-0.163101,-0.131959,0.0224261,0.186833,
0.112729,-0.0556772,0.0665336,0.157313,-0.27143,0.0470054,-0.144127,-0.172133,0.0584589,0.201327,
0.099083,-0.146871,0.0789934,0.152583,-0.285122,-0.0304872,-0.100206,-0.127609,0.208398,0.151237,
0.144125,-0.179457,0.101727,0.16742,-0.248472,-0.0458448,-0.123183,-0.0987609,0.153204,0.12924,
0.205788,-0.182425,0.0851434,0.104385,-0.195766,0.00304341,-0.107482,-0.0922628,0.0763603,0.103214,
0.208505,-0.0890922,0.0657085,0.116656,-0.176377,0.0554476,-0.102051,-0.148889,-0.024171,0.0942622,
0.117753,-0.0304398,0.00082286,-0.0122748,-0.0222983,0.0969375,-0.048245,-0.142075,0.0883854,-0.0485666,
0.0663952,0.0882282,-0.0439335,-0.0111391,0.0133172,0.0973425,-0.0163074,-0.113567,0.0552445,-0.135581,
0.10682,0.101135,-0.0558567,-0.0533373,0.0969788,0.100696,-0.0351348,-0.078478,0.00612834,-0.188952,
0.0842323,0.0761653,-0.0953176,-0.157652,0.230208,0.195329,-0.0346867,-0.0876752,0.010532,-0.221135,
-0.0395534,0.0313768,-0.169072,-0.171107,0.259575,0.320181,-0.0291041,-0.0722582,0.0535879,-0.183627,
-0.127301,-0.0186662,-0.0958831,-0.0804776,0.10525,0.372435,-0.0265665,-0.0423288,0.024424,-0.110886,
-0.0815788,-0.0353964,-0.0268944,-0.0252111,0.0132824,0.214642,-0.0204603,-0.0231054,0.0258355,-0.0411138,
-0.0298771,-0.00373439,-0.00411385,-0.00299274,0.00524113,0.0712775,-0.00978096,-0.00778147,-0.00747094,-0.0107672,
-0.00710425,-0.000110142,-0.000173199,-9.73955e-05,-0.000479542,0.0115698,-0.000648942,-0.000483312,-0.00140842,-0.0010646,
0.0,0.0,0.0,0.0,0.0,0.0,0.0,0.0,0.0,0.0,
-6.18736e-05,-7.65596e-05,-0.000110507,0.00184342,-7.59461e-05,-0.000234143,-3.19965e-06,0.000607202,-0.000700719,-0.00118767,
-0.000469474,-0.000827005,0.000164076,-0.000710228,-0.00128998,-0.00382232,-0.000532847,0.014507,-0.00246989,-0.00454936,
-0.00413157,-0.00246502,0.00571907,0.0445533,-0.00490196,-0.0400139,-0.0134061,0.0506281,-0.01331,-0.022672,
-0.0286309,-0.00578177,0.0602356,0.148017,0.0251839,-0.13105,-0.0152608,0.0427327,-0.0242671,-0.0711784,
-0.0321713,-0.0398472,0.0924041,0.219714,0.0629095,-0.143397,-0.0481656,0.0818827,-0.0380007,-0.155328,
-0.0415556,-0.0798952,0.158512,0.183016,0.0338052,-0.103176,-0.075817,0.161047,-0.0347155,-0.20122,
-0.0588817,-0.12321,0.131893,0.0936712,0.0261816,-0.00516541,-0.0271979,0.191589,0.0142185,-0.243099,
-0.0781229,-0.2165,0.130889,0.0594148,-0.0348511,0.0747055,-0.0525142,0.198192,0.0619401,-0.143154,
0.00438172,-0.238711,0.071552,0.0583673,-0.0854503,0.0847471,-0.0876487,0.22497,0.0113068,-0.0435157,
0.038957,-0.206526,0.0274799,0.0578536,-0.169263,0.117412,-0.138066,0.236678,0.0213606,0.0141132,
0.0452096,-0.176351,0.0668434,0.0755816,-0.222521,0.116709,-0.138552,0.228396,-0.0565788,0.0612616,
0.0392022,-0.091445,0.0460452,0.158144,-0.327128,0.0253543,-0.140752,0.163993,-0.0489393,0.175524,
0.0554637,-0.107429,0.102319,0.162672,-0.304686,-0.0518251,-0.173437,0.0726055,-0.0494116,0.293728,
0.0624639,-0.120099,0.0473324,0.20981,-0.401482,0.0502736,-0.151902,-0.019164,-0.110481,0.433248,
0.0643128,-0.21438,-0.00191617,0.213913,-0.455171,-0.0560395,-0.157738,0.0203618,0.0793961,0.50726,
0.119414,-0.211511,-0.00214538,0.10976,-0.4096,0.0308384,-0.215065,0.123523,0.025673,0.429112,
0.207223,-0.174248,-0.100717,0.104002,-0.294937,0.0782948,-0.217897,0.195779,-0.0430004,0.245499,
0.203349,-0.145417,-0.05721,0.0479272,-0.236103,0.0948066,-0.246927,0.1878,0.0123131,0.13946,
0.112115,-0.0329456,-0.046121,0.0662557,-0.115216,0.119613,-0.231833,0.112502,-0.020532,0.0361615,
0.0408877,0.0249318,-0.0643359,0.0657922,-0.0737716,0.104286,-0.197327,0.0832215,0.0232724,-0.00695688,
0.0663964,-0.00659904,-0.0278206,-0.0154412,0.0412792,0.12603,-0.179195,0.0139382,0.0847458,-0.103335,
0.104367,-0.0258907,-0.0258411,-0.110354,0.182637,0.19208,-0.186897,0.00999537,0.0886626,-0.22876,
0.0500372,-0.073068,-0.177755,-0.183969,0.202948,0.38297,-0.142202,-0.0250858,0.192368,-0.226244,
-0.0884919,-0.100803,-0.125597,-0.123231,0.0803744,0.49519,-0.0560977,-0.0487424,0.121313,-0.153915,
-0.0943118,-0.0602548,-0.0331072,-0.030808,0.0104562,0.34777,-0.0423473,-0.0377757,0.00232411,-0.0619448,
-0.0317317,-0.00425065,-0.00572346,-0.00318239,0.00963538,0.0856409,-0.0130608,-0.00893271,-0.0116722,-0.0167223,
-0.00299146,-0.00150137,-0.000282173,-0.000146649,-0.000682521,0.00994574,-0.00207949,-0.000470634,-0.000809556,-0.000981886,
0.00206203,-1.30326e-07,-3.03327e-05,-2.41653e-07,-3.2814e-05,-1.47578e-06,-2.75143e-06,-0.00142853,-4.60879e-06,-0.000561139,
-0.000255055,-0.000210356,0.00128265,-0.000866948,-0.00304976,-0.000542091,-0.000276294,0.0130569,-0.00109478,-0.00804428,
-0.00098905,-0.000383679,0.00154652,-0.00517237,-0.00248184,-0.00686176,-0.00128776,0.0395807,-0.00442133,-0.0195294,
-0.00756376,-0.00166324,0.0121589,0.0352983,-0.00920113,-0.047559,-0.0140385,0.103118,-0.0111946,-0.0593555,
-0.0458722,-0.0102721,0.0708913,0.169971,0.00872422,-0.172185,-0.0212286,0.11927,-0.00272769,-0.11657,
-0.0575541,-0.0389283,0.109059,0.199436,0.0455105,-0.166519,-0.071948,0.135982,0.017864,-0.172901,
-0.0505054,-0.0822043,0.110341,0.14551,0.00615486,-0.106367,-0.0911826,0.158608,0.0674124,-0.157768,
-0.0605803,-0.121658,0.0907708,0.0557717,-0.0146917,-0.0344906,-0.0685693,0.205229,0.115011,-0.166793,
-0.0329649,-0.218242,0.0646225,0.0446,-0.105138,0.0914442,-0.0687224,0.170782,0.0513846,0.00223382,
0.0317,-0.259922,0.0696292,0.0393715,-0.0705401,0.0803029,-0.0902172,0.13776,0.0905654,-0.0286503,
0.0205753,-0.237945,0.171191,0.0343094,-0.154076,0.104588,-0.150048,0.164597,0.0713057,-0.0244989,
-0.00866972,-0.190117,0.127833,0.0202745,-0.169575,0.118277,-0.124541,0.249448,0.0452584,-0.0681889,
0.040265,-0.0883725,0.0665017,0.0463507,-0.226082,-0.0118368,-0.132896,0.250124,0.12551,-0.0695642,
0.0198679,-0.0218729,0.0923282,0.0785358,-0.238731,-0.0904169,-0.192094,0.124508,0.0788764,0.148997,
0.09351,-0.010908,0.131803,0.176048,-0.424279,-0.10601,-0.229239,0.160784,-0.114568,0.32286,
0.160602,0.0190036,0.0981628,0.187262,-0.461801,-0.156845,-0.283274,0.220708,-0.0890969,0.305278,
0.259797,-0.103378,0.0178358,0.115683,-0.357491,-0.086562,-0.31786,0.271819,0.0279708,0.172187,
0.233745,-0.0240816,-0.0398021,0.112069,-0.177829,-0.0291772,-0.353146,0.277992,-0.0309978,0.031228,
0.1822,-0.0848435,-0.0725272,0.157406,-0.0921223,-0.0228246,-0.432082,0.281572,0.0582501,0.0249717,
0.113877,-0.0680127,0.0247687,0.1208,-0.0696574,0.0267709,-0.401805,0.186908,0.09668,-0.0303308,
0.0701112,-0.0883541,-0.0213865,0.14354,-0.0459462,0.116669,-0.320647,0.163956,0.039886,-0.0578286,
0.0421139,-0.127692,-0.0380848,0.102269,0.0080978,0.130713,-0.256441,0.0437604,0.121893,-0.02663,
0.146324,-0.159805,-0.0588575,0.0294387,0.0489522,0.175282,-0.257596,0.0568536,0.178441,-0.159033,
0.16872,-0.190426,-0.11278,-0.194506,0.069464,0.468004,-0.211459,-0.00243958,0.211251,-0.205828,
-0.0176347,-0.15304,-0.148025,-0.154389,0.0234751,0.651825,-0.12471,-0.0729355,0.13794,-0.142505,
-0.0920822,-0.0712093,-0.0519584,-0.0417487,-0.012237,0.442256,-0.0629588,-0.0447034,-0.00170265,-0.0636557,
-0.0271719,-0.00711254,-0.00629017,-0.00347962,-0.0114538,0.0993386,-0.0270659,-0.00996894,0.00616653,-0.0129623,
-0.00184689,-0.00107945,-0.000421642,-3.49908e-05,-0.000676904,0.00662862,-0.00217735,-0.0018267,0.00211391,-0.000678606,
-2.46858e-06,-2.54149e-06,-2.10035e-06,-3.87423e-05,-0.000154641,-2.13985e-05,-3.28575e-06,0.000485112,-1.34978e-05,-0.000246437,
-0.000188321,-3.30031e-05,-0.000204243,-0.000982071,-0.00336655,-0.000576281,-0.0001929,0.0172183,-0.000796874,-0.0108781,
-0.00125428,-0.000382094,0.000788078,0.00437343,-0.00481886,-0.00383211,-0.00160742,0.0431003,-0.00935121,-0.0270158,
-0.00791829,-0.00234073,0.0216507,0.0468636,-0.0365164,-0.0505926,-0.0202977,0.132597,-0.0148144,-0.0686307,
-0.0451633,-0.0162072,0.0694988,0.159394,-0.0428051,-0.145297,-0.0329207,0.176454,0.0148543,-0.137808,
-0.0567689,-0.0562327,0.135309,0.134029,-0.0160372,-0.147532,-0.0848954,0.142991,0.0561676,-0.107031,
-0.0558282,-0.0807865,0.049612,0.0965542,-0.0555326,-0.0710643,-0.0885926,0.102942,0.118972,-0.0162757,
-0.0582852,-0.102173,-0.0170812,0.0446975,-0.04964,0.0367648,-0.0392416,0.0690294,0.121112,-0.00518266,
-0.0480743,-0.172066,-0.0226377,0.00442998,-0.0536263,0.138651,-0.0309111,0.0250691,0.11686,0.0423047,
-0.0149818,-0.22137,0.0884463,-0.0637469,-0.0391151,0.128658,-0.0993843,0.0494835,0.145611,0.026399,
0.00969204,-0.187472,0.158843,-0.173914,-0.107467,0.186411,-0.128525,0.045121,0.149385,0.0479266,
-0.0580437,-0.122945,0.109442,-0.289493,-0.0931124,0.24754,-0.0962586,0.11907,0.151575,0.0322256,
0.0246208,-0.0546285,0.0501322,-0.264913,-0.0692992,0.130257,-0.126461,0.16308,0.0842974,0.0629134,
0.102747,0.0680087,0.0646057,-0.103234,-0.17967,-0.00963376,-0.186453,0.139282,0.0125475,0.0917995,
0.0648544,0.211393,0.121581,0.183106,-0.491969,-0.148851,-0.174471,0.258326,-0.197995,0.174026,
0.0324398,0.298134,0.149386,0.281919,-0.397307,-0.272526,-0.288982,0.324354,-0.286722,0.159304,
0.122786,0.0892456,0.134041,0.221866,-0.104159,-0.273554,-0.398587,0.378396,-0.154245,-0.0157885,
0.211221,-0.0107417,0.0481647,0.158803,-0.00069637,-0.197422,-0.481282,0.340642,-0.0381861,-0.0305024,
0.2255,-0.100233,0.0483836,0.124083,0.0039611,-0.110236,-0.486344,0.244735,0.0172525,0.0328972,
0.181532,-0.152983,0.0253945,0.142254,-0.0302373,-0.0388694,-0.43673,0.236063,0.0658773,0.00769934,
0.101088,-0.194557,-0.0312055,0.211531,-0.0262374,0.0407503,-0.334682,0.162634,0.0878544,-0.0171749,
0.0292152,-0.219967,-0.0514529,0.159177,-0.0212853,0.185916,-0.268488,0.147571,0.141102,-0.101788,
0.127891,-0.237489,-0.0363921,0.0715071,-0.0353491,0.260741,-0.280358,0.0858137,0.183925,-0.14029,
0.222209,-0.21101,-0.112987,-0.11848,-0.0566973,0.515056,-0.199622,-0.040263,0.176254,-0.174459,
0.0505001,-0.136855,-0.141112,-0.11895,-0.128627,0.751592,-0.136112,-0.0696033,0.0582072,-0.12904,
-0.0886513,-0.0565754,-0.0430951,-0.0260146,-0.0887333,0.501877,-0.0931034,-0.0306045,-0.0156057,-0.0594938,
-0.027457,-0.0069583,-0.00515758,-0.00382563,-0.0270872,0.110003,-0.0349389,-0.00342458,0.0144637,-0.015618,
-0.000732749,-0.00116817,-0.000577415,-0.000142914,-0.00249478,0.00837158,-0.00267621,0.006942,-0.0061103,-0.00141104,
-3.12224e-06,-2.96663e-06,-2.99305e-06,-4.91187e-05,-0.000180289,-2.64858e-05,-3.82666e-06,0.000644496,-1.65117e-05,-0.000359183,
-0.000285006,-2.04965e-05,-0.000128637,-0.000950245,-0.00319986,-0.000586988,-9.75107e-05,0.0157417,-0.000477971,-0.00999493,
0.000808679,-0.00023592,0.0011095,0.0035944,-0.0101154,-0.00356183,-0.00245251,0.050105,-0.00752292,-0.031729,
-0.0146621,-0.0088234,0.0239013,0.0714034,-0.035016,-0.0417346,-0.0190814,0.115325,-0.0265618,-0.06475,
-0.04228,-0.0179528,0.0062118,0.0901638,-0.0445486,-0.0788955,-0.0360053,0.165227,0.0436986,-0.0856193,
-0.0476076,-0.0565079,0.043709,0.0211606,-0.0520435,-0.0716892,-0.0630263,0.156993,0.0754493,-0.00643756,
-0.0496309,-0.0993636,-0.00272195,-0.053327,-0.0705552,0.000340008,-0.0593395,0.0624809,0.155327,0.11679,
-0.051211,-0.107174,-0.137607,-0.130872,-0.0414739,0.114955,0.0178681,0.0499409,0.187096,0.0984788,
-0.0420762,-0.132684,-0.118427,-0.233252,0.00940438,0.206205,0.0223455,-0.0402411,0.167599,0.161127,
-0.0257287,-0.17888,-0.0915494,-0.340847,0.101197,0.284674,-0.0761881,0.0124216,0.211206,0.103695,
-0.0668233,-0.141989,-0.0842528,-0.411092,0.0352858,0.262461,-0.0354407,0.0506938,0.237417,0.153741,
-0.0120035,-0.0821459,-0.128178,-0.465725,0.0366566,0.285165,-0.0442218,0.0155753,0.185277,0.209599,
0.0339387,-0.0193548,-0.199627,-0.381167,0.110793,0.266391,-0.0862554,0.000636658,0.155671,0.118973,
0.0512517,0.167046,-0.224291,-0.0342347,-0.180219,0.153304,-0.0686975,0.148786,0.0510232,-0.0639694,
-0.0354724,0.446353,-0.0968968,0.206742,-0.533053,0.00422389,-0.164147,0.287109,-0.0908035,-0.0240545,
-0.132374,0.485009,-0.0572724,0.236169,-0.236895,-0.158225,-0.320799,0.416599,-0.193751,-0.0384611,
-0.0818256,0.167092,0.0269237,0.260228,0.0156288,-0.230112,-0.411811,0.507189,-0.244684,-0.00862788,
0.112695,-0.0253415,0.0528564,0.197499,0.0810438,-0.284906,-0.425312,0.364954,-0.118553,0.0450661,
0.179417,-0.141535,0.0736977,0.190258,-0.0235898,-0.262537,-0.397005,0.29039,0.0298964,0.061008,
0.134663,-0.171347,0.0066685,0.218077,-0.0142785,-0.220233,-0.348532,0.269104,0.0798419,0.0460356,
0.130307,-0.230055,-0.0455156,0.221075,-0.110381,-0.102893,-0.237503,0.246761,0.0694168,0.0587879,
0.09717,-0.218656,-0.0507592,0.107043,-0.0906006,-0.00844796,-0.190224,0.210383,0.126902,0.0171878,
0.198653,-0.195977,-0.0617234,0.00120576,-0.095668,0.0653111,-0.167992,0.102,0.189632,-0.0354413,
0.28041,-0.161329,-0.0956438,-0.0732669,-0.179169,0.308928,-0.10086,-0.0613498,0.172294,-0.0900139,
0.107068,-0.10502,-0.0979634,-0.070747,-0.152945,0.568593,-0.103578,-0.0671893,0.0359812,-0.114199,
-0.0794947,-0.0355461,-0.0268111,-0.0134406,-0.0942174,0.467066,-0.104204,-0.0248302,-0.0363204,-0.0522016,
-0.0308611,-0.00708356,-0.00220819,-0.00216223,-0.0248558,0.117389,-0.031149,-0.0046133,0.000588601,-0.0150449,
-0.000489781,2.62329e-05,-0.000491504,-7.05824e-05,-0.000822688,0.00554269,-0.00488823,0.00066074,0.00277088,-0.00223776,
-5.665e-06,-9.48807e-07,-2.88067e-06,-2.87013e-05,-2.65961e-05,-2.49331e-05,-7.87268e-07,0.00045321,-9.41112e-06,-0.000353287,
0.00107303,8.97439e-05,-0.000224838,-0.00101376,-0.00731876,-0.00260691,-0.000167963,0.0241385,-0.000617368,-0.0133517,
-0.00229105,-7.75962e-05,-0.00108222,0.00443139,-0.0286926,-0.00658519,-0.000882589,0.0814644,-0.00520944,-0.0410751,
-0.0128216,-0.00591841,-0.0070068,0.0540625,-0.0327708,-0.0389601,-0.0193807,0.136427,-0.0150032,-0.0586282,
-0.0697859,-0.00903206,-0.043158,0.0293643,-0.0660749,-0.037403,-0.0259366,0.190406,0.0260569,0.00556385,
-0.0679701,-0.0333353,-0.110805,-0.09214,-0.0461947,0.00187874,-0.0187763,0.133542,0.115636,0.118165,
-0.0350141,-0.0865019,-0.208701,-0.200884,-0.0252069,0.121831,-0.00614791,0.0716717,0.176,0.192953,
-0.00295901,-0.109837,-0.338229,-0.315255,0.0250076,0.120067,0.081922,0.0945096,0.273362,0.171409,
-0.0109385,-0.135915,-0.347873,-0.364571,0.124505,0.147494,0.0439379,0.018619,0.258272,0.26647,
-0.062664,-0.177951,-0.354199,-0.34095,0.216913,0.164956,0.0380187,0.0937964,0.284,0.138079,
-0.0448168,-0.178162,-0.443002,-0.303702,0.221086,0.190036,0.0370529,0.113324,0.184041,0.224141,
-0.0109369,-0.173608,-0.465274,-0.244256,0.234271,0.243891,0.0201441,0.0771142,0.113386,0.205268,
-0.0166837,-0.0884377,-0.558969,-0.109863,0.236649,0.323543,0.0822406,0.00103122,0.162636,-0.0321463,
-0.0305176,0.203346,-0.568219,0.0978881,-0.297444,0.355318,0.0456648,0.0603708,0.229032,-0.095439,
-0.255358,0.613387,-0.418075,0.175538,-0.452701,0.0850224,-0.162537,0.192115,0.237564,-0.0149551,
-0.405678,0.553134,-0.278085,0.226853,-0.0313816,-0.120679,-0.36694,0.332893,-0.0114346,0.101319,
-0.374412,0.155737,-0.124785,0.132484,0.23652,-0.190076,-0.277275,0.403185,-0.148346,0.186968,
-0.113004,-0.0649404,-0.157691,0.208796,0.126728,-0.230722,-0.263776,0.349783,-0.126109,0.270935,
0.0136059,-0.0991095,-0.0530314,0.182059,-0.0489986,-0.252529,-0.218368,0.306928,-0.0559716,0.225414,
0.0997605,-0.146912,0.0595189,0.143098,-0.0515181,-0.349697,-0.187927,0.207366,-0.00143041,0.227742,
0.125944,-0.162286,-0.0289283,0.142095,-0.123998,-0.440075,-0.117175,0.195872,0.0742285,0.334322,
0.173541,-0.135578,-0.0376569,-0.0466343,-0.103621,-0.40049,-0.0190389,0.171262,0.167919,0.230295,
0.253917,-0.103754,-0.0753487,-0.0831484,-0.143474,-0.353989,0.0316635,0.0822639,0.254784,0.137086,
0.301895,-0.0734967,-0.0963994,-0.0845592,-0.175379,-0.143812,0.101494,-0.0505589,0.238057,-0.0172416,
0.164782,-0.0483045,-0.051643,-0.0493175,-0.120793,0.102174,-0.0114237,-0.0535557,0.144201,-0.0761204,
-0.041509,-0.0213172,0.00603496,-0.00473063,-0.0569602,0.211253,-0.0675404,-0.0221459,0.0347431,-0.0378276,
-0.0191752,-0.00509468,0.00103613,-0.000968836,-0.00749147,0.0549548,-0.0321899,-0.00712006,0.0278199,-0.0117707,
-0.00105295,0.000746261,-0.000368574,-0.000157471,-0.000555357,0.00251577,-0.00056883,-0.00109115,0.00168926,-0.00115695,
-1.18858e-06,-4.27827e-08,-1.50886e-06,-1.18626e-05,-2.31132e-06,-2.74971e-06,-4.14871e-08,0.00052213,-4.74568e-06,-0.000497679,
6.72904e-06,-4.2283e-05,-2.31809e-05,-0.00211155,-0.0088342,-0.00331639,-0.000385642,0.0252956,-0.000497109,-0.010092,
-0.0029727,-0.000354672,-0.000305651,-0.00627117,-0.0283174,-0.00623569,-0.000816565,0.0892297,-0.00314925,-0.0408066,
-0.0151232,-0.000477957,-0.0277219,0.00237475,-0.0476165,-0.0165511,-0.0160114,0.157338,0.00268196,-0.0388928,
-0.0730432,-0.00100232,-0.0807603,-0.0405549,-0.0829519,0.0036781,-0.0303199,0.199324,0.00908455,0.0965463,
-0.040311,-0.0247576,-0.261629,-0.14885,-0.0336319,0.0593146,-0.0089519,0.14655,0.094958,0.21731,
0.0467318,-0.0525194,-0.450943,-0.257111,0.0796179,0.154824,0.0795657,0.0689235,0.0924701,0.238441,
0.0526147,-0.0736561,-0.528975,-0.292504,0.191475,0.093574,0.117309,0.130894,0.142995,0.166271,
0.00242579,-0.110929,-0.458291,-0.282607,0.279225,0.0847925,0.0919772,0.126435,0.108091,0.158881,
0.0104583,-0.156238,-0.478229,-0.138794,0.240645,0.0292181,0.115232,0.00982835,0.147896,0.219982,
0.0625446,-0.26043,-0.50296,-0.0238254,0.379686,0.16472,0.0740967,-0.05034,-0.00422312,0.16073,
0.0557496,-0.308033,-0.508313,-0.0527374,0.503886,0.285705,0.198851,-0.136706,-0.0591398,0.0207377,
0.0660075,-0.122046,-0.519164,0.0435301,0.416108,0.334713,0.181275,-0.359832,0.140636,-0.181227,
-0.130594,0.252337,-0.482194,0.155879,-0.0910739,0.276005,0.0711626,-0.428107,0.38316,-0.00657648,
-0.429517,0.726273,-0.397453,0.286188,-0.257608,0.0140833,-0.203512,-0.181475,0.2526,0.19042,
-0.543831,0.496651,-0.321061,0.189327,0.104012,-0.144485,-0.221839,0.116899,0.0742431,0.250083,
-0.495547,0.106538,-0.229503,0.121569,0.284195,-0.302912,-0.0736552,0.321704,-0.00365891,0.271269,
-0.228472,-0.00994245,-0.226029,0.126117,0.119161,-0.282325,-0.077903,0.310221,-0.0451033,0.314276,
-0.0636326,-0.0883118,-0.122299,0.111611,0.010167,-0.231954,-0.114927,0.238427,-0.0507139,0.311632,
-0.0193235,-0.149978,0.0415588,0.0148803,0.0309299,-0.28908,-0.126054,0.0845833,0.0752819,0.337201,
0.0130614,-0.118362,-0.027553,-0.0774753,0.0281787,-0.406113,-0.0475762,0.0893745,0.187617,0.358847,
0.132419,-0.0761891,-0.0400889,-0.206358,0.0347501,-0.523899,0.077539,0.0515611,0.260228,0.290037,
0.298403,-0.0565194,-0.102048,-0.159014,-0.0316202,-0.562718,0.193178,0.0148303,0.216691,0.188818,
0.339941,-0.0313712,-0.167472,-0.0943079,-0.0834114,-0.441966,0.2599,-0.0302871,0.21558,0.0333944,
0.218949,-0.0220233,-0.0105096,-0.03691,-0.0502645,-0.251939,0.106224,-0.0296674,0.146505,-0.070364,
-0.000955085,-0.00967009,0.0499976,0.000383492,-0.0124465,-0.00688838,-0.0328488,0.00348294,0.0411239,-0.032179,
-0.00948644,-0.00385476,0.0276651,-0.000368841,-0.00479637,0.01647,-0.0298654,0.00411972,0.0110786,-0.0109616,
-0.000927334,0.000618976,0.00285734,-0.000181285,-0.00189164,-0.000842229,0.000493868,0.00242949,-0.00199587,-0.000561317,
-3.65516e-08,3.18438e-05,-3.8615e-06,-8.76675e-06,-3.09675e-07,-8.64777e-07,-1.54824e-06,-4.36946e-06,-6.49869e-06,-5.58829e-06,
0.000498044,-1.17439e-05,-2.65322e-05,-0.00138809,-0.00598638,-0.000782044,-0.000449595,0.0143049,-0.000136338,-0.00602222,
-0.00283162,-0.00011972,-0.000143555,-0.00475795,-0.0177327,-0.00246912,-0.000458026,0.0612366,-0.00112997,-0.0315939,
-0.0131451,0.00125051,-0.0315381,-0.00413732,-0.0344369,-0.00230499,-0.0137691,0.118094,0.00106608,-0.0210794,
-0.04808,-0.00018307,-0.134448,-0.0619665,-0.0218657,0.0271113,-0.0383387,0.130609,-0.0222934,0.169455,
3.11057e-05,-0.0225212,-0.341558,-0.14454,0.08638,0.0862237,0.0214119,0.0790214,-0.0218282,0.257378,
0.116078,-0.0474322,-0.499436,-0.23375,0.238144,0.0638644,0.144187,0.0395839,-0.0431113,0.221872,
0.15737,-0.0698097,-0.473339,-0.269064,0.299927,0.0880696,0.0944125,0.0473697,-0.0320961,0.15716,
0.0875593,-0.0756794,-0.345775,-0.199811,0.293908,0.0669643,0.103711,-0.00479187,-0.0574433,0.131358,
0.110364,-0.178733,-0.288612,-0.104987,0.284527,0.0760749,0.121499,-0.092806,-0.0227696,0.0954414,
0.151469,-0.376554,-0.216539,-0.131532,0.396312,0.216161,0.176668,-0.172501,-0.121925,0.0784388,
0.120693,-0.423027,-0.124166,-0.115285,0.542475,0.229427,0.214282,-0.424214,0.0239433,-0.0441287,
0.0327184,-0.168776,-0.11951,0.0878471,0.311643,0.267733,0.163687,-0.680331,0.212038,-0.10705,
-0.300868,0.323631,-0.0746328,0.237896,-0.0692087,0.161535,-0.0173564,-0.687008,0.332994,0.0930171,
-0.512621,0.664841,-0.100367,0.172787,-0.0936972,-0.0271418,-0.123861,-0.326247,0.128793,0.217515,
-0.581639,0.43528,-0.22715,0.00060499,0.155305,-0.24009,0.00235475,0.00973449,0.198972,0.246629,
-0.495803,0.0877298,-0.221453,0.0865121,0.247693,-0.359601,0.0428943,0.168791,0.0695783,0.373659,
-0.277163,-0.0281843,-0.170311,0.121506,0.227283,-0.240226,-0.0488428,0.13876,-0.0599813,0.33716,
-0.116901,-0.182768,-0.108116,0.0986318,0.156624,-0.158703,-0.100556,0.148833,0.0114241,0.251531,
-0.103646,-0.178453,-0.0576808,-0.0626996,0.122082,-0.118803,-0.0395071,0.0905366,0.0479702,0.3002,
-0.101834,-0.119711,-0.0406564,-0.209792,0.190211,-0.169436,-0.0252898,0.10843,0.109637,0.25844,
0.100318,-0.0794635,-0.0327017,-0.203706,0.122756,-0.299776,0.122676,0.0486264,0.0140155,0.207254,
0.265861,-0.0623441,-0.0978397,-0.188348,0.0588125,-0.355726,0.27662,0.0207657,0.0201418,0.0620559,
0.319431,-0.04856,-0.121841,-0.0931597,-0.0117875,-0.365903,0.342537,0.0240137,0.0490881,-0.0938184,
0.204204,-0.03642,0.0497192,-0.0329556,-0.0482926,-0.228676,0.162714,0.0162569,0.0210594,-0.10761,
0.0146234,-0.0168145,0.112569,-0.00388932,-0.000591703,-0.0406241,-0.0339981,0.013391,0.000819718,-0.0454859,
-0.00375377,-0.00585327,0.0711381,-0.000968473,-0.00398244,-0.0026393,-0.0360345,0.00024793,-0.00575009,-0.0124042,
-0.000688485,-0.000237597,0.020137,-0.000930332,-0.00499008,-0.0037755,-0.00630578,-0.000940581,-0.00179224,-0.000476383,
-6.0222e-05,-7.18339e-06,-3.61153e-05,-0.000905654,-2.82466e-05,0.00245214,-0.000113095,-5.85873e-05,-0.000244213,-0.000998826,
-3.88021e-05,-3.15279e-06,-0.00266237,0.0025609,-0.0030046,-0.000282029,-1.76653e-05,0.00661516,-0.000251377,-0.00291606,
-0.00160953,0.000140994,-0.00171534,-0.000229571,-0.00761323,-0.000889666,-7.64047e-05,0.0300578,-0.000435636,-0.0176295,
-0.0198701,0.00201747,-0.0253432,0.00313791,-0.00428961,-0.0034008,-0.0089435,0.0607679,-0.00711892,0.00304291,
-0.0311455,0.000461452,-0.101925,-0.0273687,0.0884592,0.0102465,-0.0693211,0.053172,-0.0445179,0.121939,
0.0930448,-0.0242197,-0.257323,-0.125327,0.211537,-0.00848281,0.0092087,0.0422499,-0.0770498,0.136362,
0.161272,-0.0509749,-0.258551,-0.226748,0.274675,-0.0325329,0.125402,-0.0186673,-0.165918,0.192043,
0.240183,-0.0826066,-0.153204,-0.259773,0.333858,-0.0273024,0.105196,-0.0370223,-0.244297,0.124967,
0.167948,-0.0996107,-0.0752162,-0.190968,0.285765,0.0435187,0.13295,-0.115494,-0.220731,0.0718384,
0.173453,-0.222503,-0.049748,-0.104939,0.259173,0.144924,0.155459,-0.202795,-0.186548,0.0335235,
0.169111,-0.406856,0.0269722,-0.150812,0.316589,0.208259,0.234248,-0.312449,-0.0720545,-0.0130077,
0.125874,-0.426436,0.0812784,-0.134077,0.360316,0.10643,0.300774,-0.515125,0.152689,-0.0517241,
-0.059228,-0.0873394,0.0767836,0.0867245,0.191756,0.129526,0.127345,-0.655156,0.237903,-0.0483143,
-0.378945,0.365462,0.18052,0.119483,-0.0652608,0.0746089,-0.0509981,-0.562353,0.304974,0.0125093,
-0.557657,0.573593,0.0475385,0.103113,-0.0551315,-0.0655163,-0.0309335,-0.231714,0.197983,0.018725,
-0.568094,0.378394,-0.118077,0.0280103,0.139014,-0.184637,0.0703394,-0.0215341,0.12493,0.151654,
-0.499525,0.0460065,-0.114318,0.00462354,0.334675,-0.259407,0.104957,0.0706433,-0.0313635,0.343709,
-0.241683,-0.229092,-0.154817,0.0679527,0.400683,-0.222273,-0.0947895,0.198711,-0.00295891,0.278267,
-0.123064,-0.289623,-0.058007,0.0614158,0.246312,-0.143984,-0.109337,0.319204,-0.0478805,0.144962,
-0.111803,-0.223349,-0.0790792,-0.0258069,0.259761,-0.123307,-0.042427,0.339241,-0.0694738,0.0762419,
-0.0393053,-0.147801,-0.00863745,-0.0994073,0.18727,-0.0482053,0.00078754,0.20672,-0.146941,0.0955186,
0.12804,-0.096618,-0.0822303,-0.0337345,0.0888614,-0.134019,0.130967,0.134946,-0.161464,0.0252517,
0.2053,-0.06587,-0.0999277,-0.10155,0.054754,-0.165926,0.279039,0.145199,-0.149351,-0.101667,
0.272749,-0.0480916,-0.0468316,-0.073297,-0.00458841,-0.182517,0.293008,0.104267,-0.120409,-0.19429,
0.197673,-0.0279516,0.0735315,-0.0325977,-0.0560521,-0.125863,0.1414,0.0261994,-0.071488,-0.124851,
0.0135805,-0.0155108,0.141555,-0.011555,-0.0249657,-0.0426013,-0.0181751,0.0042802,-0.0106084,-0.0359997,
-0.00167039,-0.00250328,0.0817469,-0.00420167,-0.013132,-0.00460479,-0.0446295,-0.00146779,-0.00543798,-0.00409955,
-6.00616e-05,-1.85372e-05,0.00249513,-0.000663541,-0.000532232,-0.000151536,-0.000804433,-1.16467e-05,-0.000242666,-1.04748e-05,
-2.06381e-05,-2.36636e-06,-1.18307e-05,-0.000297162,-1.20818e-05,0.000788048,-3.7108e-05,6.41753e-06,-8.20609e-05,-0.000331218,
-2.68427e-05,-1.70253e-06,-0.00524601,0.0058517,-5.61901e-06,-0.000135179,-1.50772e-06,-6.39067e-06,-0.000421703,-6.74344e-06,
-0.000902662,0.000942754,-0.00315287,0.00597103,0.00155421,-0.0011578,-0.000160816,0.00975656,-0.000741808,-0.0121086,
-0.0239344,0.000289244,0.00709165,0.0157087,0.0157923,-0.00745906,-0.0236342,0.0269133,-0.00933726,-0.00143024,
0.00779774,-0.0042393,0.00805017,0.0224775,0.0790253,-0.0247756,-0.110782,0.0161872,-0.0522513,0.0585107,
0.160805,-0.0368543,0.0108883,-0.0492862,0.163588,-0.113188,-0.0252305,-0.0281563,-0.135861,0.0532951,
0.16714,-0.0847587,0.0442539,-0.131317,0.209789,-0.131961,0.0996621,-0.0309475,-0.204368,0.0625071,
0.236731,-0.109337,0.0193932,-0.205928,0.313951,-0.158367,0.149922,-0.0932646,-0.236667,0.0835665,
0.198878,-0.131979,0.0265052,-0.22466,0.304141,-0.0522954,0.149263,-0.193726,-0.167993,0.0918664,
0.227784,-0.249652,0.0449114,-0.202765,0.250573,0.0601842,0.192049,-0.2594,-0.0678052,0.00411899,
0.249136,-0.348834,0.0422899,-0.144844,0.180065,0.0673704,0.315101,-0.329443,-0.0529203,0.0220782,
0.0399298,-0.236095,0.0307729,-0.0484535,0.208009,0.0756427,0.345889,-0.443853,0.0119408,0.0162174,
-0.216483,0.0270024,0.102578,0.100345,0.109874,0.0867988,0.129614,-0.522322,0.22802,-0.0454271,
-0.49687,0.399466,0.197135,0.159213,-0.0370557,-0.0630247,0.0270698,-0.369436,0.326226,-0.142724,
-0.588542,0.549344,0.0556361,0.125064,0.0814979,-0.223915,0.129269,-0.183472,0.205632,-0.150514,
-0.549645,0.217646,-0.0238665,0.0211356,0.256716,-0.223461,0.11018,0.0383604,0.0423594,0.110575,
-0.41972,-0.0740675,-0.0124941,-0.0722912,0.429614,-0.183034,-0.00177845,0.0580306,-0.0351335,0.310873,
-0.214336,-0.362999,-0.0461961,-0.0147287,0.366365,-0.172419,-0.0809912,0.345033,-0.0877634,0.268035,
-0.0789054,-0.308674,-0.0732784,0.0404947,0.203813,0.0111826,-0.0920181,0.389366,-0.15209,0.0601084,
-0.0206502,-0.234108,-0.0389085,0.11737,0.146165,-0.0752213,0.00352879,0.320707,-0.215495,-0.0033876,
0.0555342,-0.167281,-0.09214,0.149245,0.0344677,-0.0750192,0.0871729,0.285256,-0.260265,-0.0169719,
0.108061,-0.110523,-0.0705634,0.127202,-0.00652185,-0.0708685,0.131746,0.250339,-0.24051,-0.118361,
0.181443,-0.0756119,-0.105305,0.0734746,0.0125939,-0.0794254,0.155199,0.205556,-0.171563,-0.196362,
0.239703,-0.0505923,-0.010786,0.0212113,-0.0478487,-0.059129,0.178099,0.073353,-0.144991,-0.19902,
0.150311,-0.0328456,0.170258,-0.0118275,-0.114518,-0.0444481,0.104796,0.00544078,-0.107705,-0.119463,
0.00746619,-0.0144477,0.201576,-0.0191056,-0.0497548,-0.027144,-0.0207155,-0.0146944,-0.0242624,-0.038918,
-0.00242567,-0.00374107,0.08795,-0.0061348,0.00500764,-0.00775927,-0.0488328,-0.00179721,-0.0106844,-0.0115824,
-0.000454058,-0.000563051,0.00993065,-0.000262927,-0.00100443,-0.00223765,-0.00309104,-0.000183485,-0.00129111,-0.000842902,
-5.25372e-06,-8.16022e-08,-3.03792e-08,-3.54408e-06,-1.6188e-05,-8.49514e-05,-4.3918e-07,0.000146291,-1.19839e-05,-2.38192e-05,
-2.61829e-05,3.08958e-06,-0.00272997,0.00464152,-3.84409e-06,-0.000100982,-4.05869e-06,-0.000740569,-0.000243436,-0.000795569,
-0.00105421,0.000638312,-0.00270733,0.0174334,-0.00147096,-0.00238668,-0.000629355,0.000313087,-0.00159345,-0.00854281,
-0.0228564,-0.00159959,0.0541219,0.0544584,-0.0195508,0.000528032,-0.0387223,-0.00612252,-0.00854222,-0.0117144,
0.0216618,-0.00724905,0.117216,0.0962978,-0.0199023,-0.0323493,-0.132017,-0.00467197,-0.0682211,0.0292357,
0.200303,-0.0586898,0.149559,0.0223908,0.0456748,-0.101264,-0.0460476,-0.0474317,-0.155383,-0.00911257,
0.209429,-0.139832,0.187824,-0.0897296,0.136694,-0.124973,0.0925638,-0.0411602,-0.171511,-0.0593053,
0.179103,-0.173194,0.0749779,-0.152428,0.28053,-0.255164,0.199627,-0.0576355,-0.096647,0.000829693,
0.221615,-0.190588,-0.00318782,-0.243046,0.309886,-0.282366,0.201905,-0.164076,0.0464649,0.103393,
0.250355,-0.196845,0.0810495,-0.226024,0.200263,-0.245579,0.25317,-0.205667,0.100961,-0.0116818,
0.235997,-0.161102,0.118813,-0.238139,0.0408063,-0.153743,0.393083,-0.326038,0.0127429,0.0775785,
0.00566805,-0.102929,0.174245,-0.11451,0.00281903,-0.102793,0.408513,-0.393499,0.0532929,0.0691922,
-0.305633,-0.0151382,0.251611,0.0212457,0.0418151,-0.0477433,0.0771625,-0.281328,0.306769,-0.0487612,
-0.537682,0.403169,0.233961,0.0715065,0.0876985,-0.135483,0.0409115,-0.159449,0.201221,-0.205854,
-0.539166,0.507292,0.0527124,-0.0429388,0.282814,-0.2263,0.157073,-0.10664,0.0398972,-0.124744,
-0.440963,0.0783717,0.00363446,-0.168997,0.437845,-0.169106,0.0835894,0.0912803,0.010501,0.0738447,
-0.280816,-0.188789,0.117171,-0.156902,0.380905,-0.159944,-0.0594669,0.111624,0.0158833,0.220334,
-0.0846223,-0.426272,0.108301,-0.00483382,0.255989,-0.0818513,-0.11051,0.248421,-0.0578703,0.153249,
-0.00604118,-0.329005,0.0221006,0.15196,0.160925,-0.0269367,0.033223,0.21612,-0.230825,0.00847848,
0.029766,-0.231605,-0.0103157,0.208553,0.0660351,0.00331733,0.0898832,0.222389,-0.285331,-0.0926926,
0.0994018,-0.16898,-0.0190244,0.182166,0.0930262,0.00917813,0.0384724,0.157743,-0.268551,-0.123434,
0.110828,-0.11179,0.0938088,0.184971,0.0306736,-0.0194034,0.0461805,0.162575,-0.277225,-0.220619,
0.146595,-0.0808029,0.0823521,0.176871,-0.0652044,0.0111237,0.0428885,0.0640258,-0.179846,-0.198003,
0.158636,-0.0548494,0.124483,0.0967478,-0.104687,0.0220902,0.0684836,-0.0164954,-0.0860049,-0.208404,
0.0708375,-0.0306723,0.234135,0.016344,-0.097787,0.00147791,0.0467464,-0.0202562,-0.0951471,-0.125678,
-0.00963054,-0.0189762,0.286579,-0.0280438,-0.0489418,-0.0266684,-0.0463829,-0.0216998,-0.0476985,-0.0385368,
-0.00652445,-0.0054613,0.106,-0.00674365,-0.00964237,-0.0106093,-0.0408244,-0.00182861,-0.016455,-0.00791039,
-0.000331215,-0.000117355,0.012727,-0.000287514,-0.000891471,-0.00354186,-0.0062533,-7.81308e-05,-0.00103874,-0.000187436,
0.0,0.0,0.0,0.0,0.0,0.0,0.0,0.0,0.0,0.0,
-1.25121e-05,7.59422e-05,-0.00101152,0.00130202,-1.21554e-06,-7.82601e-05,-4.49028e-06,-3.73131e-05,-0.000137489,-9.5159e-05,
-0.00235855,-0.000195717,0.00479784,0.0216768,-0.000911124,-0.00451069,-0.00164552,-0.00152063,-0.00211051,-0.0132219,
-0.0293991,-0.00257467,0.0722323,0.114822,-0.0511337,0.00534299,-0.0440798,-0.0187416,-0.0168453,-0.029623,
0.0128165,-0.0149122,0.199268,0.161987,-0.0485758,0.000132453,-0.15865,-0.0226248,-0.0783361,-0.0511058,
0.169674,-0.106884,0.250197,0.0433864,-0.0525731,0.0738615,-0.0974465,-0.0572523,-0.137399,-0.0855636,
0.211679,-0.200772,0.208492,-0.0442882,0.0145161,0.131777,0.0167061,-0.124277,-0.121971,-0.0918613,
0.175398,-0.225352,0.128439,-0.100213,0.138306,-0.130685,0.165711,-0.177821,0.0173423,0.00887268,
0.147813,-0.204232,0.097945,-0.21557,0.202732,-0.251295,0.21744,-0.201213,0.152068,0.0543133,
0.225576,-0.135555,0.150507,-0.3725,0.127051,-0.280769,0.242133,-0.223848,0.229671,0.0377341,
0.23992,-0.0201489,0.226463,-0.425796,-0.00622515,-0.306577,0.416283,-0.312483,0.099911,0.0886539,
-0.0159581,-0.0565829,0.253808,-0.364045,-0.049896,-0.260838,0.414671,-0.239427,0.256766,0.0615011,
-0.27008,0.118446,0.294106,-0.261748,0.0761009,-0.292219,0.162335,-0.11777,0.329148,-0.0383201,
-0.483473,0.397228,0.232951,-0.238021,0.259412,-0.276155,0.0711033,0.0130896,0.159657,-0.135792,
-0.489386,0.366619,0.0712838,-0.266683,0.44029,-0.203375,0.103206,0.0496486,-0.00138528,-0.0702184,
-0.326594,0.00587398,0.0824097,-0.196727,0.375515,-0.110506,0.038512,0.0396653,-0.0717887,0.16364,
-0.117188,-0.238963,0.0648988,-0.00713166,0.270046,-0.0117926,-0.0567974,0.0159073,0.00594439,0.0750765,
0.00238977,-0.369267,0.0288764,0.136776,0.124109,0.0449574,0.0441364,0.0765407,-0.0917181,0.00319944,
0.00514107,-0.277791,0.0445292,0.131765,0.067101,0.0860242,0.155361,0.0841017,-0.202313,-0.09392,
0.0287358,-0.181651,0.0179847,0.23934,-0.0236251,0.0482483,0.119331,0.00483789,-0.139019,-0.114183,
0.0539267,-0.128793,0.0338547,0.141085,0.00090334,0.0554641,0.0488657,0.0239764,-0.100673,-0.128611,
0.0590657,-0.088162,0.095647,0.200025,-0.0216211,0.0447311,0.0486025,-0.00216395,-0.14954,-0.186584,
0.111496,-0.0664708,0.14283,0.2409,-0.125455,-0.00294158,0.0531213,-0.0273033,-0.121161,-0.205015,
0.0821993,-0.049711,0.168399,0.124603,-0.118001,0.0446658,0.0287335,-0.0503636,-0.0344731,-0.196051,
0.0294145,-0.0329516,0.326899,-0.0507093,-0.0969002,0.0467624,-0.0236715,-0.0197526,-0.0562407,-0.12285,
-0.0113636,-0.0280296,0.322148,-0.0446384,-0.0563739,-0.0318166,-0.0524335,-0.00407198,-0.0647707,-0.0286499,
-0.00566286,-0.00422576,0.0679928,-0.00555045,-0.00773865,-0.00674573,-0.0251449,0.00470462,-0.0133925,-0.0042366,
0.00352215,-0.000116991,0.0043402,-0.000273542,-0.0036205,-0.000754406,-0.00246753,-0.000185104,-0.000188416,-0.000255868,
-3.71836e-06,-5.39838e-07,-2.16828e-06,-9.92475e-05,-0.000289035,-5.52338e-05,-2.37049e-06,0.000354653,-2.70741e-05,0.000124734,
-2.19291e-06,1.62563e-05,-4.35419e-05,9.85871e-05,-3.96254e-07,-3.68003e-05,-1.09055e-06,3.08441e-06,-1.80464e-05,-1.58596e-05,
-0.00227623,-0.000413056,-0.00586942,0.0290914,-0.00327699,-0.00481439,-0.0015378,0.00115425,-0.00270142,-0.00935638,
-0.0449676,-0.00472191,0.0555319,0.183315,-0.0484867,-0.00130041,-0.0439948,-0.015417,-0.0377689,-0.0421898,
-0.00777248,-0.0334723,0.235714,0.203507,-0.0748153,0.0650371,-0.153087,-0.048522,-0.108936,-0.0776524,
0.123755,-0.137314,0.32245,0.153754,-0.104423,0.14725,-0.181123,-0.0967433,-0.0876393,-0.139966,
0.163285,-0.257372,0.206777,0.0511466,-0.100659,0.320966,-0.0639892,-0.191709,-0.0059998,-0.122444,
0.146996,-0.25363,0.263693,-0.0775648,-0.0271505,0.127241,0.109276,-0.225938,0.0458757,-0.108799,
0.166,-0.146498,0.160623,-0.149511,0.00784026,-0.0199549,0.183912,-0.253516,0.123354,-0.0722511,
0.224486,-0.0376768,0.146825,-0.283703,-0.0335015,-0.135154,0.215721,-0.273277,0.215984,-0.0397034,
0.254036,-0.0391094,0.227171,-0.371806,-0.149449,-0.197824,0.313236,-0.292586,0.227603,0.0287288,
0.0289633,-0.00480914,0.215724,-0.366475,-0.0994708,-0.182206,0.36376,-0.182784,0.253066,-0.0257672,
-0.241014,0.138008,0.268462,-0.392335,0.0632235,-0.141776,0.354542,-0.0689899,0.198983,-0.179104,
-0.386711,0.251415,0.251709,-0.342012,0.190371,-0.0915788,0.193025,0.0626326,-0.000548018,-0.128302,
-0.356843,0.199762,0.113433,-0.262095,0.240789,-0.0228291,0.0814496,0.0661577,-0.113501,0.0536756,
-0.196547,-0.0664112,0.0126826,-0.0228544,0.187759,-0.0259876,0.0898457,-0.0213628,-0.0427773,0.0856527,
-0.068662,-0.203838,0.104937,0.195356,0.117451,0.0204568,0.129491,-0.0914137,-0.112408,-0.0913693,
-0.0118377,-0.196448,0.120452,0.223788,-0.0869462,0.0738327,0.177106,-0.0648591,-0.12479,-0.110299,
-0.00665111,-0.147654,0.0865251,0.237113,-0.099211,0.00248238,0.196949,-0.0809516,-0.0731188,-0.115484,
-0.0132617,-0.105154,0.0821938,0.218916,-0.123093,0.0567142,0.0861282,-0.0884009,-0.0395224,-0.074521,
-0.00824676,-0.0733359,0.0471747,0.148793,-0.0798737,0.0659883,0.0641752,-0.0950108,-0.00381909,-0.0658454,
0.0346121,-0.0626801,0.127182,0.250026,-0.112978,0.0461488,0.0906227,-0.130635,-0.0890814,-0.153218,
0.0835689,-0.0674662,0.18145,0.248745,-0.191066,0.0406739,0.0397003,-0.126016,-0.0288375,-0.180753,
0.0432204,-0.0566682,0.32723,0.0535231,-0.135409,0.0815368,-0.0153524,-0.119191,-0.0110217,-0.167869,
0.00124714,-0.024939,0.394085,-0.0848386,-0.0830508,0.079858,-0.0639317,-0.0714934,-0.0486727,-0.0982637,
-0.0131846,-0.00720791,0.236013,-0.031318,-0.0473265,-0.0198286,-0.0332938,-0.00970217,-0.0503221,-0.0238296,
-0.00256841,0.00148301,0.0285518,-0.00425771,-0.00303299,-0.00452445,-0.0118273,0.00401281,-0.00670554,-0.00113119,
-0.001483,-3.70267e-06,0.00847468,-0.000138803,-1.45794e-05,-0.00170274,-0.00488262,-4.94665e-06,-0.000130375,-0.000113912,
-3.9107e-09,1.16949e-05,-5.79189e-06,-1.2132e-06,-8.41768e-09,-5.30525e-08,-1.98841e-07,-3.24661e-07,-3.94095e-06,-1.59969e-07,
0.00074304,4.9905e-05,-0.000216431,3.65975e-06,-0.000311036,-0.000138003,-0.000174011,0.00144864,-0.000154039,-0.00125172,
-0.0016695,-0.000984521,-0.00753088,0.0328984,-0.00563865,-0.00572582,-0.00159542,0.000987024,-0.00442565,-0.00631504,
-0.0398207,-0.00788426,0.0272601,0.214595,-0.0238747,-0.0111945,-0.0447793,-0.019344,-0.0568854,-0.0380725,
-0.0233618,-0.0464555,0.191519,0.246003,-0.0729441,0.0680285,-0.129728,-0.0521284,-0.0992293,-0.0817024,
0.0836789,-0.157282,0.220687,0.252971,-0.101469,0.157398,-0.191758,-0.125266,-0.0203781,-0.118583,
0.159827,-0.198256,0.225437,0.133549,-0.171704,0.265888,-0.129556,-0.20789,0.0679365,-0.145233,
0.143976,-0.151672,0.290305,0.0654054,-0.213598,0.174192,0.0331956,-0.265732,0.0798284,-0.155899,
0.149277,-0.0737367,0.228004,0.0180817,-0.24181,0.187676,0.110656,-0.261824,0.0957913,-0.212116,
0.19489,0.00281694,0.198242,-0.0536021,-0.285644,0.0930882,0.205955,-0.255762,0.158055,-0.25804,
0.277928,-0.0445598,0.235465,-0.167546,-0.309041,0.027183,0.329688,-0.252008,0.147761,-0.244871,
0.181763,-0.00575525,0.244122,-0.243619,-0.239068,0.0537741,0.439373,-0.164737,0.00416075,-0.270014,
0.0153304,0.0362784,0.233448,-0.26376,-0.212477,0.076847,0.404018,-0.0320325,0.0112463,-0.268899,
-0.137264,0.161729,0.222632,-0.223989,-0.0796991,0.0844176,0.235832,0.0505297,-0.138648,-0.175541,
-0.140978,0.0466896,0.113611,-0.109128,0.015307,0.0406922,0.183684,0.100639,-0.132692,-0.117825,
-0.0883211,-0.0364107,0.0957609,0.0224479,0.00479617,0.0425676,0.184397,-0.0723499,-0.0432169,-0.109672,
-0.0491538,0.00780416,0.117133,0.158855,-0.0448319,-0.00115339,0.204722,-0.174469,-0.0762861,-0.14262,
-0.011387,-0.0393275,0.140065,0.252864,-0.126639,-0.0182376,0.168323,-0.172062,-0.0520343,-0.141564,
-0.0295471,-0.029158,0.1002,0.269948,-0.148411,0.0145493,0.133444,-0.222475,0.0215285,-0.110079,
-0.0440897,-0.0172568,0.0658049,0.214105,-0.167669,0.0222806,0.130403,-0.177433,0.0160787,-0.0422241,
0.00575557,-0.0316513,0.0902781,0.157062,-0.142293,0.0471838,0.107606,-0.237641,0.0476469,-0.0439485,
0.0433681,-0.0342288,0.178572,0.232315,-0.133219,0.0496838,0.0764566,-0.254482,0.00380881,-0.162275,
0.0698447,-0.0585129,0.284162,0.11325,-0.204815,0.0839988,0.00043273,-0.196219,0.0616048,-0.153746,
0.00319092,-0.0409219,0.318564,-0.000615074,-0.134289,0.107449,-0.0569099,-0.125463,0.0368994,-0.107905,
-0.00726862,-0.00800426,0.260868,-0.064282,-0.0688604,0.0773013,-0.0688222,-0.0365473,-0.0340645,-0.05032,
-0.0137705,0.00723185,0.162701,-0.0244233,-0.0252121,-0.00572133,-0.0447259,-0.00670915,-0.036054,-0.0133168,
-0.00203201,0.00119127,0.0427285,-0.00370896,-0.00109014,-0.00574545,-0.0188776,-0.00119112,-0.00750158,-0.00377295,
-0.000460978,1.03789e-05,0.00447495,-6.06871e-05,-8.69205e-08,-0.000539075,-0.00337579,-2.13693e-07,-4.82952e-05,-2.11369e-07,
0.0,0.0,0.0,0.0,0.0,0.0,0.0,0.0,0.0,0.0,
0.0018631,-3.57674e-05,-0.00050822,0.000285021,-3.61433e-05,-0.00026619,-0.00043573,3.88377e-06,-0.000299755,-0.000570195,
-0.00237368,-0.00294976,0.00142536,0.0226185,-0.00306789,-0.00161533,-0.00136865,-0.00342451,-0.00527743,-0.00396661,
-0.0342026,-0.0123902,0.0432986,0.18787,-0.0209331,-0.00943075,-0.0326605,-0.028411,-0.0600205,-0.0331199,
-0.0155699,-0.0351265,0.184274,0.257009,-0.0694986,0.0286685,-0.112109,-0.0772252,-0.0974179,-0.0630041,
0.0799814,-0.101481,0.203854,0.235721,-0.125256,0.141411,-0.188307,-0.124667,-0.0416944,-0.0795618,
0.130904,-0.0662894,0.225064,0.204302,-0.197298,0.186515,-0.195449,-0.214345,0.0809513,-0.154355,
0.124901,-0.0233183,0.316679,0.151501,-0.291983,0.0924093,-0.0669466,-0.256774,0.190715,-0.237183,
0.142174,0.0532606,0.253764,0.156754,-0.369836,0.200266,0.0114318,-0.236598,0.0562568,-0.267473,
0.188307,0.0716452,0.221285,0.143524,-0.358843,0.204731,0.151802,-0.250791,-0.0302083,-0.341453,
0.279082,0.0507412,0.173354,-0.0334502,-0.327292,0.149954,0.284759,-0.220462,0.0312106,-0.387897,
0.283558,0.0443539,0.16424,-0.140097,-0.221621,0.195458,0.336033,-0.159136,-0.0724719,-0.430318,
0.18976,0.0309368,0.100482,-0.201726,-0.188377,0.102171,0.412056,-0.0419829,-0.0335192,-0.369801,
0.0661619,0.0222866,0.0588183,-0.111203,-0.231965,0.0429505,0.3628,0.0215239,-0.0614404,-0.169933,
-0.00526999,0.00957826,0.0406649,-0.00778395,-0.130358,-0.0214583,0.395345,0.0319193,-0.121432,-0.191206,
0.0143898,-0.0139261,0.0417437,0.0203672,-0.0646615,-0.00759714,0.286975,-0.11068,-0.0162302,-0.150381,
-0.0370799,0.104927,0.0626621,0.0992395,-0.0207468,0.0471277,0.19439,-0.191283,-0.123888,-0.135349,
-0.0324665,0.127836,0.0492812,0.155147,-0.0430455,0.072927,0.136653,-0.255795,-0.0729541,-0.137583,
-0.0684236,0.106817,0.129897,0.204888,-0.135418,0.0722894,0.176177,-0.328766,-0.0110117,-0.146448,
-0.05771,0.0659782,0.166515,0.175347,-0.14957,0.0400876,0.106265,-0.289137,0.000342302,-0.0581181,
-0.0195454,0.0129089,0.140251,0.221244,-0.106729,0.00347953,0.0842864,-0.319635,0.0598911,-0.0761529,
0.0369811,-0.0258608,0.222137,0.113874,-0.0918981,0.0786186,-0.0118722,-0.262735,0.0855577,-0.144802,
0.0149445,-0.0506524,0.275352,-0.0035334,-0.120861,0.182796,-0.0848439,-0.183972,0.093114,-0.122345,
-0.0269824,-0.040645,0.293604,-0.0450116,-0.090372,0.116237,-0.0709992,-0.0916573,0.0145938,-0.0587674,
-0.0139418,-0.019924,0.214881,-0.0492389,-0.0451487,0.0378689,-0.0481787,-0.0207499,-0.0476845,-0.00788363,
-0.0101048,-0.00200315,0.0861347,-0.0159685,-0.0212937,0.0106836,-0.0207206,-0.00648869,-0.0248103,0.00457158,
-0.000629469,0.0015325,0.0185154,-0.00315115,-0.000295871,-0.00130735,-0.00456544,-0.00077129,-0.00658334,-0.00274398,
-1.4928e-06,4.52312e-05,-2.83803e-05,-4.50378e-06,-3.67982e-06,5.14016e-05,-1.11298e-06,-1.02416e-06,-5.46295e-05,-1.80966e-06,
-1.02485e-08,2.58917e-05,-6.49338e-06,-5.8169e-06,-1.12282e-07,-1.90361e-07,-2.46435e-07,-1.77388e-06,-1.09038e-05,-3.44449e-07,
-2.61304e-05,-1.12415e-05,-0.000121811,0.000538487,-2.71709e-06,-0.000187405,-1.60895e-05,-3.59769e-05,-5.96335e-05,-7.74807e-05,
-0.003974,-0.00499972,0.00721015,0.0240104,-0.000630451,-0.00413872,-0.000893843,-0.00642082,-0.00605737,-0.00410564,
-0.0250354,-0.00624351,0.0465221,0.115836,-0.0181154,0.00379298,-0.0158146,-0.0308964,-0.0450412,-0.0250041,
-0.0289773,0.00538115,0.107468,0.187533,-0.0441967,0.0531412,-0.0766512,-0.0706002,-0.0857295,-0.0473685,
0.0295977,0.0843183,0.133581,0.174268,-0.0733795,0.027944,-0.147715,-0.10663,-0.047994,-0.0739915,
0.0894803,0.103221,0.156464,0.166743,-0.173656,0.0834622,-0.215387,-0.161684,0.088095,-0.13674,
0.0971257,0.107472,0.172366,0.101358,-0.234521,0.124621,-0.15031,-0.186785,0.1686,-0.199926,
0.0894958,0.139718,0.180086,0.0926922,-0.228746,0.143731,-0.0446477,-0.171412,0.0179325,-0.21885,
0.117978,0.0857056,0.223821,0.00510089,-0.249152,0.155715,0.0580607,-0.204123,0.0184794,-0.211587,
0.215527,0.061933,0.154925,-0.0332582,-0.21733,0.10484,0.162487,-0.161496,-0.0343283,-0.253302,
0.268122,-0.0746826,0.102249,-0.112848,-0.114294,0.119145,0.254061,-0.103776,-0.0409688,-0.297008,
0.187231,-0.116274,0.0428174,-0.101286,-0.123296,0.0849569,0.369499,-0.0695585,-0.0486472,-0.225444,
0.0847261,-0.101772,0.0206716,-0.0533234,-0.177712,0.0327692,0.430968,-0.0668176,0.0158014,-0.185312,
0.0269824,0.00580582,0.00564292,-0.0314638,-0.109785,0.0256334,0.396245,-0.0950946,-0.0287548,-0.195212,
0.00766714,0.0392912,-0.0252446,0.00586012,-0.00816393,0.0459332,0.277539,-0.104893,-0.0436205,-0.194369,
-0.0207444,0.0908751,0.0310316,0.0702675,-0.0579358,0.0580529,0.226208,-0.125336,-0.137875,-0.134544,
-0.0664588,0.1462,0.104483,0.0842236,-0.0200642,0.0716802,0.211175,-0.246943,-0.0820067,-0.202289,
-0.0686463,0.144116,0.196608,0.164082,-0.0839091,-0.0117533,0.139259,-0.273529,-0.024413,-0.181815,
-0.0856873,0.0813325,0.220372,0.19635,-0.0306273,-0.00170978,0.0415245,-0.297928,0.00445911,-0.128086,
-0.0492694,0.0456498,0.12209,0.120663,-0.0250478,0.103339,-0.0178087,-0.28629,0.0646178,-0.0779432,
-0.0146712,0.0093821,0.168523,-0.0292119,-0.00644012,0.176267,-0.0680942,-0.230047,0.0608521,-0.0665594,
-0.0227974,-0.0545353,0.236222,-0.0719872,-0.0448811,0.171237,-0.0523159,-0.150715,0.0571396,-0.0673673,
-0.0184773,-0.0422617,0.254792,-0.084364,-0.0395028,0.0915754,-0.0397932,-0.0770623,-0.0271455,-0.0177604,
-0.0107839,-0.00693161,0.145244,-0.04653,-0.0293622,0.0251722,-0.0219641,-0.0197216,-0.0538932,0.0187702,
-0.00355306,-0.00324575,0.0446294,-0.0111135,-0.0172755,0.0171378,-0.00957069,-0.00414256,-0.0151423,0.00227615,
0.00341477,-0.00129794,0.00851517,-0.00281138,-0.000267969,0.000321141,-0.000924642,-0.000438401,-0.00253359,-0.00397715,
2.25762e-06,-7.88236e-13,-4.08069e-07,-9.73592e-08,-1.59765e-10,-5.24896e-07,-6.23749e-08,-4.48467e-10,-1.15943e-06,-4.88537e-09,
-9.92826e-09,2.50826e-05,-6.29046e-06,-5.63512e-06,-1.08773e-07,-1.84413e-07,-2.38734e-07,-1.71845e-06,-1.0563e-05,-3.33685e-07,
-1.20076e-06,6.25479e-06,-6.24226e-06,2.24399e-05,-1.5027e-07,-6.91419e-06,-1.00833e-07,-2.75274e-06,-8.17023e-06,-3.16341e-06,
-0.00120925,-0.00468763,0.0035184,0.0277702,-0.000502802,-0.00426763,-0.00087149,-0.00819876,-0.00546308,-0.00608793,
-0.0188271,-0.00294244,0.0253036,0.085761,-0.0137847,-0.000929206,-0.00576472,-0.0270071,-0.0282263,-0.013583,
-0.061799,0.0358785,0.0726936,0.123891,-0.0288472,0.0516642,-0.0364084,-0.0405536,-0.0809996,-0.0355193,
-0.0122683,0.191085,0.0759834,0.145338,-0.0534086,-0.0180352,-0.0839221,-0.0245977,-0.128173,-0.0920017,
0.053471,0.202209,0.104617,0.152876,-0.101901,-0.0669342,-0.157951,-0.0374442,-0.0172545,-0.131688,
0.089929,0.158074,0.134066,0.0721735,-0.142306,-0.0156145,-0.192538,-0.00815336,0.0756415,-0.171272,
0.137185,0.121465,0.189124,-0.0303244,-0.156141,0.058201,-0.188545,-0.0422284,0.0298763,-0.118614,
0.156147,0.0676354,0.208787,-0.000861926,-0.160344,0.0910151,-0.127649,-0.103753,-0.0337467,-0.0972293,
0.156997,-0.0567745,0.151468,0.0141863,-0.0929609,0.0186961,-0.0579406,-0.0753802,0.0380619,-0.0963537,
0.212275,-0.196226,0.129602,0.00516691,-0.0669768,0.0626933,-0.0329062,-0.132395,0.106011,-0.087244,
0.188596,-0.2756,0.066673,-0.0628753,-0.0905169,0.133841,0.068393,-0.11436,0.143684,-0.0578349,
0.236954,-0.222126,-0.0293823,-0.0405436,-0.0994237,0.183242,0.0681601,-0.142971,0.166042,-0.119952,
0.153281,-0.0420933,-0.0828534,-0.0599156,-0.0827545,0.110421,0.0321592,-0.072391,0.154511,-0.110365,
0.102207,0.0520447,-0.120531,-0.0139888,-0.00773647,0.0880476,0.0685611,-0.019959,0.0438884,-0.192533,
0.0405387,0.112844,-0.0365179,0.0269913,-0.0320956,0.115357,0.0363373,-0.0958055,-0.0153481,-0.152301,
0.00466418,0.186099,0.0394042,0.056297,0.0242957,0.0326981,-0.0210644,-0.166408,0.0347884,-0.190774,
-0.0601345,0.135097,0.177581,0.0914866,0.0201024,0.0300281,-0.0685518,-0.217037,0.0563539,-0.164926,
-0.0916595,0.0451177,0.226868,0.122351,0.111754,0.0786604,-0.0781603,-0.236779,0.00669437,-0.184846,
-0.105238,0.0053073,0.200146,0.0446272,0.0924129,0.114457,-0.0616879,-0.254388,0.009901,-0.0455377,
-0.0696453,-0.0359388,0.181844,-0.0574772,0.103559,0.0810312,-0.0514857,-0.20188,0.0509308,-0.000937725,
-0.0250783,-0.058714,0.197456,-0.0475754,0.00976832,0.0740427,-0.0545377,-0.113321,0.00203434,0.0159253,
-0.00872626,-0.0338365,0.139848,-0.0506843,-0.0310786,0.0584742,-0.0366562,-0.0644446,-0.0117329,0.0388371,
-0.0058361,-0.00777713,0.0693975,-0.0297968,-0.0199724,0.0274338,-0.0134735,-0.0190123,-0.0263617,0.0253986,
-0.00120614,-0.00112596,0.017696,-0.00811884,-0.0104191,0.0138925,-0.00405525,-0.00618923,-0.00576627,0.00529229,
0.000355661,0.000835608,-0.00312286,-0.000102764,0.000437947,0.00371657,-0.000120853,-0.000126297,-0.000806778,-0.00106624,
4.16792e-06,-1.45521e-12,-7.53358e-07,-1.7974e-07,-2.9495e-10,-9.6904e-07,-1.15154e-07,-8.27939e-10,-2.14049e-06,-9.01915e-09,
0.0,0.0,0.0,0.0,0.0,0.0,0.0,0.0,0.0,0.0,
0.0,0.0,0.0,0.0,0.0,0.0,0.0,0.0,0.0,0.0,
-0.00035602,-0.000132779,-0.000478082,0.0137376,-0.000134085,-0.000617051,-5.69458e-05,-0.00633167,-0.00142736,-0.00420362,
-0.00709649,-0.00394428,-0.00973878,0.0633513,-0.00370163,0.000979191,-0.0016084,-0.0174046,-0.0163456,-0.00449074,
-0.0424906,0.0180959,-0.0140271,0.122825,-0.0126989,0.0342622,-0.00964445,0.0188322,-0.080433,-0.0347214,
-0.0446497,0.143679,-0.0300223,0.1825,-0.0289807,0.0234235,-0.0271366,0.0614965,-0.210478,-0.0698315,
-0.0084092,0.181271,-0.0362488,0.214578,-0.0537258,-0.0389689,-0.0625971,0.121085,-0.229272,-0.0877121,
0.0448999,0.119286,-0.0188828,0.17867,-0.0768725,-0.0697888,-0.123289,0.158019,-0.12461,-0.0874319,
0.0863559,0.0413759,0.00793943,0.0310246,-0.0804175,0.0259239,-0.179524,0.027126,0.0658828,-0.0256872,
0.145049,-0.0197547,0.0467603,0.0361199,-0.0535929,0.071267,-0.218314,0.0151812,0.0417775,-0.0644934,
0.193566,-0.0990871,0.0210896,0.0369811,-0.0190865,0.124882,-0.266347,-0.00631545,0.0286513,-0.0143339,
0.240901,-0.162862,0.0529228,0.0730313,-0.00664157,0.10675,-0.2637,-0.10005,0.101036,-0.0413871,
0.249734,-0.130165,0.0110091,-0.0327882,-0.0772048,0.12158,-0.203283,-0.0913071,0.19822,-0.0457961,
0.244607,-0.149973,-0.0833296,0.0180437,-0.079693,0.0770843,-0.151323,-0.076558,0.307125,-0.105984,
0.201603,-0.104302,-0.0940191,-0.036592,-0.0441916,0.08575,-0.13049,0.0170367,0.251704,-0.146499,
0.0996391,0.0350965,-0.10789,-0.00987255,-0.00596611,0.0514072,-0.129223,0.0410149,0.224351,-0.198557,
-0.00245376,0.0950866,-0.0588003,-0.0526495,0.0452847,0.0912786,-0.153402,-0.0357719,0.217693,-0.146266,
-0.0531629,0.135067,-0.0152129,0.0641337,0.0437375,0.000796059,-0.139848,-0.0655352,0.131212,-0.101187,
-0.144858,0.0276015,0.104634,0.111357,0.130347,-0.0337786,-0.101153,-0.1278,0.116989,-0.0833377,
-0.155623,-0.00484571,0.15546,0.00934055,0.14045,0.0391797,-0.0689803,-0.179027,0.0951563,-0.0311103,
-0.126527,-0.0260926,0.124373,-0.0346858,0.15098,0.0408429,-0.0592386,-0.202367,0.0785389,0.0541766,
-0.0701596,-0.044005,0.128142,-0.0556026,0.108936,-0.00752909,-0.0539628,-0.163798,0.0400796,0.1179,
-0.0307481,-0.036324,0.104633,-0.0485085,0.00968624,0.00744634,-0.0323194,-0.086212,0.00626397,0.106083,
-0.0133082,-0.0282193,0.0641888,-0.0268315,-0.0215059,0.0304029,-0.0185397,-0.065336,0.0128165,0.0663325,
-0.00732624,-0.00724416,0.0411844,-0.0111487,-0.0137522,0.0202663,-0.00846041,-0.0229173,-0.0134795,0.0228777,
-0.000459843,0.000387818,0.0125822,-0.00560237,-0.000671962,0.00720811,-0.00186764,-0.00745358,-0.00407,-5.27593e-05,
-6.02649e-06,0.00318266,-0.0026168,0.000622283,0.000463063,0.0021647,-5.96928e-05,-8.46188e-05,-0.00279396,-0.000871598,
0.0,0.0,0.0,0.0,0.0,0.0,0.0,0.0,0.0,0.0,
0.0,0.0,0.0,0.0,0.0,0.0,0.0,0.0,0.0,0.0,
0.0,0.0,0.0,0.0,0.0,0.0,0.0,0.0,0.0,0.0,
-0.000771142,-1.3386e-05,-0.000738857,0.00435004,-1.63427e-05,-0.000363031,-1.11235e-05,-0.00157235,-0.000141125,-0.000722678,
-0.00144141,-0.00346121,-0.0191563,0.0340459,-0.000359464,-0.00180663,-0.000167983,0.00704268,-0.0115095,-0.0031861,
-0.00873074,-0.00652129,-0.0405007,0.0825568,-0.00550003,-0.0080483,-0.00132981,0.0570825,-0.0627837,-0.00622458,
-0.0240384,0.0271678,-0.0844384,0.137569,-0.0150487,-0.0184823,-0.00656154,0.139117,-0.149076,-0.0062088,
-0.0306613,0.0262717,-0.138997,0.221551,-0.0351219,-0.0226541,-0.0154395,0.195082,-0.205247,0.00521643,
-0.0564592,-0.0266912,-0.17174,0.255261,-0.0516386,0.00117494,-0.0367068,0.222116,-0.18856,0.0532442,
-0.0510524,-0.0931352,-0.156326,0.213338,-0.0538588,0.0149437,-0.0745908,0.178829,-0.0495377,0.0713905,
-0.0519867,-0.155789,-0.13447,0.226076,-0.0200558,0.126865,-0.108437,0.146112,-0.0217746,-0.00654074,
-0.0394896,-0.222359,-0.143789,0.273427,-0.00877246,0.127853,-0.142102,0.13644,0.0217039,-0.0029131,
-0.0287459,-0.251883,-0.113477,0.257069,-0.00148061,0.153753,-0.176691,0.0984082,0.0905368,-0.0274908,
0.0295042,-0.240162,-0.0631919,0.224762,-0.093149,0.186794,-0.17934,0.123941,0.0848638,-0.0740214,
0.0265921,-0.261967,-0.0445586,0.21961,-0.104521,0.234659,-0.187052,0.155694,0.0788812,-0.117338,
-0.00447488,-0.205908,-0.00376627,0.169356,-0.0877134,0.203594,-0.175141,0.149444,0.103778,-0.149168,
-0.0738331,-0.14144,-0.0480756,0.0920632,-0.0642651,0.160407,-0.157615,0.137522,0.164368,-0.0691311,
-0.108111,-0.133466,-0.0512479,0.0989981,-0.0291996,0.063513,-0.116787,0.0701882,0.208224,-0.00211294,
-0.125286,-0.046361,-0.0127958,0.054146,-0.05379,0.0476324,-0.0887989,0.0280996,0.0880606,0.109093,
-0.13125,-0.0128227,0.00894112,-0.0640868,0.00952511,0.030381,-0.0673163,-0.0432663,0.134169,0.135726,
-0.109136,-0.00765856,-0.0381967,-0.0700123,0.0544289,-0.00908963,-0.052566,-0.0743161,0.142899,0.163647,
-0.0892401,-0.0140606,-0.0301709,-0.0479521,0.0572222,-0.0121718,-0.0352263,-0.10482,0.0410853,0.235335,
-0.0638759,-0.00691287,0.00353193,-0.0324138,0.0373203,-0.0103691,-0.0287172,-0.0937287,-0.0131975,0.208363,
-0.0294262,-0.0107169,0.00849477,-0.0178046,0.0139832,0.0242986,-0.0163839,-0.0602242,-0.0224142,0.110193,
-0.00977402,-0.00663251,0.0131358,-0.00727965,-0.00252505,0.0237722,-0.00696301,-0.0583845,-0.00768093,0.0623316,
-0.00142898,-0.0019652,0.0334129,-0.00522098,-0.0089276,0.0161629,-0.00176905,-0.0187196,-0.00976895,-0.00177537,
-2.45465e-05,0.000196822,0.0166996,-0.00127867,0.000842619,-0.00189823,-0.000113472,-0.00527738,-0.00234617,-0.00680053,
-2.05362e-07,7.4819e-05,0.00336306,-3.7482e-06,-2.63205e-05,-1.64442e-05,-1.1155e-05,-1.02329e-06,-0.000485239,-0.00289375,
0.0,0.0,0.0,0.0,0.0,0.0,0.0,0.0,0.0,0.0,
0.0,0.0,0.0,0.0,0.0,0.0,0.0,0.0,0.0,0.0,
0.0,0.0,0.0,0.0,0.0,0.0,0.0,0.0,0.0,0.0,
-1.52387e-05,-5.61745e-07,-2.03898e-05,0.000438003,-1.54093e-05,-4.58761e-06,-6.85749e-07,-0.0007404,-5.20492e-05,0.000411319,
-7.96853e-05,-0.000468363,-0.00572763,0.00110681,-4.02879e-05,0.000867273,-2.59934e-05,0.00856123,-0.00213608,-0.00205728,
-0.00190577,-0.00754591,-0.0164918,0.0109517,-0.00188294,0.00123855,-0.000507767,0.0429685,-0.028383,0.0015584,
-0.00705173,-0.0181877,-0.0331263,0.0308845,-0.0167184,-0.0155733,-0.00191117,0.07762,-0.0590344,0.0430986,
-0.0253888,-0.0315103,-0.0436426,0.0673466,-0.0497114,-0.0207866,-0.00502676,0.0999158,-0.070786,0.0795901,
-0.0452645,-0.0509498,-0.0770386,0.114567,-0.0881135,-0.00873153,-0.00960523,0.149175,-0.104905,0.120866,
-0.0778412,-0.0613541,-0.121733,0.191595,-0.131493,0.0015826,-0.0215032,0.214774,-0.139373,0.145346,
-0.114722,-0.0971151,-0.128674,0.240886,-0.119262,0.0489815,-0.0311833,0.226999,-0.135815,0.109904,
-0.150464,-0.158148,-0.118106,0.281524,-0.120218,0.0745969,-0.0358592,0.213459,-0.0924904,0.105705,
-0.153918,-0.155128,-0.116602,0.293293,-0.187291,0.122718,-0.0394056,0.260517,-0.0969177,0.0727352,
-0.179018,-0.137623,-0.0953307,0.310718,-0.233934,0.134537,-0.042803,0.277253,-0.125745,0.0919458,
-0.167072,-0.162666,-0.0722071,0.238471,-0.215922,0.150634,-0.0505507,0.263681,-0.103458,0.119089,
-0.151633,-0.15029,-0.0431829,0.151201,-0.204989,0.088564,-0.0503267,0.248185,-0.0218115,0.134284,
-0.143607,-0.138347,-0.0363872,0.0721226,-0.206195,0.0858953,-0.0492694,0.270962,0.0519187,0.0929074,
-0.117202,-0.104021,-0.0405323,0.044582,-0.246852,0.069069,-0.0415317,0.196152,0.0480067,0.19233,
-0.107282,-0.0558168,-0.0492647,-0.000159075,-0.250794,0.0507533,-0.0324427,0.148512,0.0509687,0.245524,
-0.0809936,-0.0190931,-0.0717996,-0.0147851,-0.18116,0.0118844,-0.0254859,0.0966168,0.0311166,0.2537,
-0.0518612,-0.0136692,-0.0833175,0.0120083,-0.151141,0.00298879,-0.0183161,0.000650669,0.0131349,0.289523,
-0.0469374,-0.00692051,-0.0470428,-0.0132722,-0.0861843,0.00325685,-0.0115507,-0.0572203,-0.00358786,0.269459,
-0.0364484,-0.00326729,-0.0316543,-0.0238948,-0.0526555,0.0301094,-0.00508175,-0.0452542,-0.0162785,0.184425,
-0.0147439,-0.00201938,-0.021196,-0.0103313,-0.0227636,0.0416877,-0.00273043,-0.0174499,-0.0107949,0.0603417,
-0.0028087,-0.000385044,-0.0122629,-0.002007,-0.0149789,0.0301832,-0.00179466,-0.0199755,-0.00361969,0.0276493,
-0.000811937,-0.000128982,-0.0023635,-0.000345569,-0.00779795,0.0163291,-0.000757786,-0.00197962,-0.00194005,-0.00020374,
-1.86358e-07,-1.74291e-06,0.00298419,-7.05771e-05,-0.000151414,-3.5244e-06,-7.76025e-06,-0.000131405,-0.000507643,-0.00210994,
-1.39338e-07,-2.081e-06,0.00357049,-1.73994e-06,-2.78275e-05,-1.28875e-06,-9.05821e-06,-5.86582e-07,-0.000457507,-0.00307026,
0.0,0.0,0.0,0.0,0.0,0.0,0.0,0.0,0.0,0.0,
0.0,0.0,0.0,0.0,0.0,0.0,0.0,0.0,0.0,0.0,
0.0,0.0,0.0,0.0,0.0,0.0,0.0,0.0,0.0,0.0,
0.0,0.0,0.0,0.0,0.0,0.0,0.0,0.0,0.0,0.0,
0.0,0.0,0.0,0.0,0.0,0.0,0.0,0.0,0.0,0.0,
-0.000190034,-0.000485989,-0.000515512,-8.07662e-05,-0.00164386,-0.00135336,-7.34363e-05,-0.00307717,-0.00621832,0.0136385,
-0.00245299,-0.00158598,-0.00187564,0.00279337,-0.00293219,-0.00366884,-0.000608793,-0.00730921,-0.0137905,0.0314308,
-0.0067367,-0.00376067,-0.00447741,0.00508206,-0.0171619,-0.00742937,-0.0012973,-0.00137024,-0.0194182,0.0565697,
-0.0139872,-0.00672654,-0.00725401,0.0120597,-0.0389031,-0.0158649,-0.00228119,0.029789,-0.0179373,0.0611055,
-0.0203484,-0.00873926,-0.00731666,0.00889562,-0.0663132,-0.0211511,-0.00390922,0.0670257,-0.0217835,0.07364,
-0.0323769,-0.0124819,-0.008589,0.00631606,-0.101782,-0.0195222,-0.00546722,0.0899924,-0.0331557,0.117067,
-0.0344847,-0.0212858,-0.0121982,0.00268923,-0.125226,-0.0115151,-0.00707417,0.100787,-0.0446288,0.152937,
-0.0352573,-0.0227969,-0.0183811,-0.0033002,-0.14923,0.00845554,-0.00924285,0.119883,-0.0432079,0.153077,
-0.0313242,-0.0283943,-0.0148519,-0.0106637,-0.163563,0.0134767,-0.00988972,0.0999907,-0.0520002,0.19722,
-0.0377627,-0.0425762,-0.0173645,-0.0124841,-0.169982,-0.000731809,-0.0113837,0.157817,-0.054563,0.189031,
-0.0444944,-0.036241,-0.0158179,-0.0255554,-0.201958,-0.015885,-0.0115049,0.191688,-0.056037,0.215806,
-0.042759,-0.0199939,-0.0170414,-0.0230337,-0.188681,-0.00270657,-0.0117042,0.233318,-0.0569976,0.1296,
-0.0354065,-0.0131295,-0.0196552,-0.00578278,-0.177016,-0.0128272,-0.00939825,0.188715,-0.0459361,0.130437,
-0.0308516,-0.00769346,-0.0215499,-0.00526457,-0.149126,-0.0179418,-0.00752889,0.154012,-0.0304241,0.116368,
-0.0199395,-0.0063406,-0.0156796,-0.005234,-0.134405,-0.0319688,-0.00638665,0.112452,-0.0192653,0.126768,
-0.00829673,-0.00330802,-0.009262,-0.00581979,-0.099272,-0.0161898,-0.00440471,0.0369839,-0.017603,0.127172,
-0.0120986,-0.00128695,-0.00713634,-0.0101353,-0.0469996,0.00371037,-0.00233727,-0.0142971,-0.0104738,0.101055,
-0.0129136,-0.000625083,-0.00548109,-0.00590673,-0.0208763,0.0072598,-0.000994599,-0.000143672,-0.00472439,0.0444057,
-0.00626161,-0.000112978,-0.00132231,-0.000427744,-0.00864269,0.00319974,-0.000156201,0.0107558,-0.000865374,0.0038334,
-0.000447971,-2.37498e-06,-1.92151e-05,-4.98282e-05,-0.000200312,-1.0011e-05,-2.78733e-05,-0.00109798,-9.68035e-05,0.00195236,
-3.03673e-06,-4.20907e-09,-5.93404e-07,-1.03815e-06,-0.000211076,-4.39139e-06,-1.07322e-06,-1.69812e-05,-3.78423e-06,0.000241978,
-9.5642e-08,-7.69428e-09,-4.47555e-07,-5.52882e-08,-1.62221e-08,-3.94622e-08,-3.19033e-10,4.55802e-06,-1.93645e-07,-3.70213e-06,
0.0,0.0,0.0,0.0,0.0,0.0,0.0,0.0,0.0,0.0,
0.0,0.0,0.0,0.0,0.0,0.0,0.0,0.0,0.0,0.0,
0.0,0.0,0.0,0.0,0.0,0.0,0.0,0.0,0.0,0.0,
0.0,0.0,0.0,0.0,0.0,0.0,0.0,0.0,0.0,0.0,
0.0,0.0,0.0,0.0,0.0,0.0,0.0,0.0,0.0,0.0,
0.0,0.0,0.0,0.0,0.0,0.0,0.0,0.0,0.0,0.0,
-6.91436e-07,-1.31076e-06,-5.90721e-07,-2.40462e-07,-1.19884e-07,-2.42322e-07,-6.61281e-09,3.95402e-05,-2.03842e-05,-1.59537e-05,
-1.38969e-05,-3.33069e-06,-2.74758e-06,-7.64993e-07,-1.26899e-06,-4.61564e-06,-1.70369e-07,0.000134395,-5.44203e-05,-5.31786e-05,
-5.4018e-05,-5.55498e-06,-1.32499e-05,-7.38643e-06,-0.000730249,-2.54978e-05,-6.88891e-06,0.000345109,-7.62499e-05,0.000573987,
-0.000230375,-2.81822e-05,-6.13226e-05,-3.11773e-05,-0.0042866,-0.000229243,-5.57647e-05,0.00194583,-0.000215485,0.00319232,
-0.000406964,-3.58432e-05,-6.79911e-05,-4.9152e-05,-0.00548412,-0.000550571,-6.75888e-05,0.00541682,-0.000293123,0.00153854,
-0.000687021,-0.000137183,-0.000121886,-0.000266949,-0.00522369,-0.000578844,-0.000132353,0.00354455,-0.000612163,0.00421554,
-0.00123415,-0.00136175,-0.000727404,-0.000901199,-0.0112079,0.00158566,-0.000307361,0.0130035,-0.00304018,0.00419083,
-0.00273863,-0.000542353,-0.000785558,-0.00102684,-0.00898684,0.00381557,-0.000481096,0.0120217,-0.00164685,0.000370917,
-0.00432341,-0.00169841,-0.0014804,-0.00226151,-0.0136247,0.00222651,-0.00135835,0.0234526,-0.00358773,0.00265542,
-0.00447131,-0.00164665,-0.00127514,-0.00292367,-0.0124149,-0.00155173,-0.00123159,0.0443976,-0.00332225,-0.0155604,
-0.00777672,-0.000995103,-0.00114617,-0.00357616,-0.0247863,-0.00552942,-0.00118512,0.0480767,-0.00399938,0.000917665,
-0.0097137,-0.000442992,-0.000903632,-0.00307136,-0.0143217,-0.00487175,-0.00103342,0.053653,-0.00359191,-0.0157025,
-0.00743695,-0.000278715,-0.000719227,-0.00358715,-0.0132116,-0.00364007,-0.000952466,0.0525852,-0.00241401,-0.0203449,
-0.00309623,-0.000781196,-0.000613809,-0.00313156,-0.012737,-0.00336685,-0.000704095,0.0474367,-0.00258147,-0.0204245,
-0.00325422,-0.00197254,-0.000437783,-0.00233952,-0.0158968,-0.0032087,-0.000520142,0.0439195,-0.00275488,-0.0135349,
-0.00290886,-0.000135656,-0.00029205,-0.00156324,-0.011494,-0.00208371,-0.00045454,0.0256513,-0.00161644,-0.00510279,
-0.00259074,-5.85001e-05,-0.000606399,-0.000542682,-0.00288069,-0.00123576,-0.000218939,0.00560989,-0.000781502,0.00330533,
-0.00254171,-8.46917e-06,-0.000258964,-0.000150766,-0.000635402,-0.000549358,-2.61682e-05,0.00249388,-0.000271913,0.00194887,
-0.00672106,-1.51221e-05,-0.00107037,-0.000114527,-0.00111143,-0.00100269,-5.78236e-05,0.00700579,-0.000400692,0.00348792,
-0.00154382,-2.74257e-06,-2.20992e-05,-1.86906e-05,-0.000252029,-0.000227797,-1.15549e-05,0.00268163,-7.26969e-05,-0.000530205,
0.0,0.0,0.0,0.0,0.0,0.0,0.0,0.0,0.0,0.0,
0.0,0.0,0.0,0.0,0.0,0.0,0.0,0.0,0.0,0.0,
0.0,0.0,0.0,0.0,0.0,0.0,0.0,0.0,0.0,0.0,
0.0,0.0,0.0,0.0,0.0,0.0,0.0,0.0,0.0,0.0,
